  0.34661320906694887        4.8756593965487767       -3.7535838380950128        1.1220755584537641        392.47114481381305        332429783.44619566     
  0.69322641813389774        4.6071915724977872       -5.6003761825561327      -0.99318461005834524        370.86055521324579        190230864.01154327     
   1.0398396272008466        4.0841469734509044       -5.9111114211906965       -1.8269644477397926        328.75755008497151        157042969.98652345     
   1.3864528362677955        4.0240665463761847       -6.0699525258780298       -2.0458859795018451        323.92131521351820        138986154.01671529     
   1.7330660453347442        3.7847986892434564       -5.9992608882331098       -2.2144621989896534        304.66120654544744        138721262.60641104     
   2.0796792544016931        4.6139290284348675       -6.4785424027034182       -1.8646133742685504        371.40289355759984        108729766.14765710     
   2.4262924634686422        4.1052353632096379       -6.6621212179466500       -2.5568858547370126        330.45508139258260        86095707.391608596     
   2.7729056725355909        4.4445210398477251       -6.6721015639132268       -2.2275805240655018        357.76622581406053        87160365.621339142     
   3.1195188816025397        4.0325771094325491       -6.7817430686435838       -2.7491659592110342        324.60638161255866        69839023.302457497     
   3.4661320906694884        4.3114602945624210       -6.8045719517964312       -2.4931116572340097        347.05536625958302        69053414.476872727     
   3.8127452997364375        4.1968746327515971       -6.6550497146113585       -2.4581750818597619        337.83167727466832        79835875.904532716     
   4.1593585088033862        3.7823986427176521       -6.7159312626053360       -2.9335326198876843        304.46801236780334        68249738.617235556     
   4.5059717178703353        4.1569914169769522       -6.6229719102521027       -2.4659804932751501        334.62123739754918        78797205.687372357     
   4.8525849269372845        4.1012427683616739       -6.7864169678672290       -2.6851741995055547        330.13369342363069        65117625.705671571     
   5.1991981360042328        4.3830417276572380       -6.7074083832163405       -2.3243666555591029        352.81738626738382        74890568.368258372     
   5.5458113450711819        4.5245374250001129       -6.7779686055713810       -2.2534311805712681        364.20722583691889        67260916.211098552     
   5.8924245541381302        4.1100594687488696       -6.7516222663928991       -2.6415627976440295        330.84340265739968        68203519.891752705     
   6.2390377632050793        4.3977156403509152       -6.7281493305084270       -2.3304336901575118        353.99857774229736        72127112.467823654     
   6.5856509722720284        4.1776477309369691       -6.6161187811401181       -2.4384710502031490        336.28398832581536        77471128.900467455     
   6.9322641813389767        3.9560116047970753       -6.7852810255409155       -2.8292694207438398        318.44316371452373        64663206.817877643     
   7.2788773904059259        4.5043381139412038       -6.6022544603958302       -2.0979163464546264        362.58126182036932        83531285.078425720     
   7.6254905994728750        4.3940234287806508       -6.9484285197870710       -2.5544050910064202        353.70136942973511        50540351.332842745     
   7.9721038085398241        3.8625982257563654       -6.9857728615385035       -3.1231746357821382        310.92375909020046        39727087.023571521     
   8.3187170176067724        4.1411445721890585       -6.9496860791841186       -2.8085415069950606        333.34562956489498        47433357.863655500     
   8.6653302266737207        3.9908816805611367       -6.8718702424895142       -2.8809885619283775        321.25006580545994        55141540.671465203     
   9.0119434357406707        4.4672041935416580       -6.9611597179015705       -2.4939555243599125        359.59212926099673        55442366.853004500     
   9.3585566448076190        4.0687299822021723       -6.8386949815711970       -2.7699649993690243        327.51654374862710        56662792.247784972     
   9.7051698538745690        4.0807157578948967       -7.0106519109501226       -2.9299361530552259        328.48135091110743        42210080.786846884     
   10.051783062941515        4.1668067950405323       -6.9102861908699875       -2.7434793958294548        335.41133620308108        49242002.977460757     
   10.398396272008466        4.1543767368004456       -6.7633568675072659       -2.6089801307068199        334.41076606665143        61047668.455093808     
   10.745009481075414        3.9513509334809633       -6.9073465271277428       -2.9559955936467794        318.06799825314425        50363337.584403537     
   11.091622690142364        4.3216012541767324       -6.9890241842703995       -2.6674229300936672        347.87167308203180        46148170.728501521     
   11.438235899209312        4.1861259624304195       -6.9903717070427618       -2.8042457446123428        336.96645216292961        45823997.282897227     
   11.784849108276260        3.7958147151755188       -6.9606599320326792       -3.1648452168571608        305.54795271806063        40794933.639789321     
   12.131462317343209        3.7674335213639289       -6.9693721209428459       -3.2019385995789174        303.26337975664705        37709864.073837526     
   12.478075526410159        4.4050534055441153       -6.8465292307008303       -2.4414758251567155        354.58923858866177        51701519.488983572     
   12.824688735477107        4.5477933440522440       -6.7829671709237367       -2.2351738268714927        366.07923461188540        58095438.295286566     
   13.171301944544057        3.8621748464267278       -6.7609326056880450       -2.8987577592613176        310.88967874194827        53947752.054193139     
   13.517915153611005        4.0266680991583454       -6.7344244613866504       -2.7077563622283045        324.13072984150290        58267395.551246665     
   13.864528362677953        3.9059688476158421       -6.8823188390940517       -2.9763499914782092        314.41492125475293        41788983.258422554     
   14.211141571744902        4.0769857236111289       -6.6645652988266857       -2.5875795752155559        328.18109802088679        58663773.503193386     
   14.557754780811852        4.1064232257551847       -6.8525149726864703       -2.7460917469312860        330.55069959213569        41940830.982154526     
   14.904367989878800        4.2926934228967122       -6.8822985267516836       -2.5896051038549710        345.54470790382743        43561166.852083825     
   15.250981198945750        4.1835230701556760       -6.6742078725505634       -2.4906848023948873        336.75692971113193        57566519.481106393     
   15.597594408012698        3.9131274766002577       -6.8241608759543961       -2.9110333993541389        314.99116235042908        49765786.734743677     
   15.944207617079648        3.8778331405322914       -6.6816616027516087       -2.8038284622193177        312.15010899632415        61309527.585167192     
   16.290820826146597        4.3115449292947829       -6.7664718940092516       -2.4549269647144691        347.06217901814534        55618091.796654880     
   16.637434035213545        4.2021659740630302       -6.8329598940568594       -2.6307939199938293        338.25760915653211        51666422.952869922     
   16.984047244280493        4.1591908459457390       -6.7984840860844686       -2.6392932401387292        334.79828266160661        55246590.103900708     
   17.330660453347441        4.1409429516233427       -6.8230687960581218       -2.6821258444347791        333.32939991310673        49584757.690952159     
   17.677273662414393        4.3565239345760052       -6.9569792788156271       -2.6004553442396223        350.68280963639643        39029061.577707797     
   18.023886871481341        4.2323506475239245       -6.8803780330779425       -2.6480273855540180        340.68735504021993        47706779.813970812     
   18.370500080548286        4.2648707053150421       -6.9658344131575562       -2.7009637078425146        343.30509005258068        40279628.762757979     
   18.717113289615238        3.8013652110819534       -7.0718531864393528       -3.2704879753573994        305.99474551171329        25675204.208542157     
   19.063726498682186        4.2796660623245062       -7.0014448427080120       -2.7217787803835058        344.49605731078248        34952691.299525939     
   19.410339707749138        3.8868983437433879       -6.9027917802965018       -3.0158934365531138        312.87982171677118        37778848.898689054     
   19.756952916816083        3.9153659253577731       -6.9413938529318511       -3.0260279275740780        315.17134855192847        38712473.583550043     
   20.103566125883031        4.3657722877164860       -6.8830614137128840       -2.5172891259963981        351.42726519603951        45280659.567475840     
   20.450179334949983        4.0280343762971622       -6.7423964550806179       -2.7143620787834566        324.24070970457200        59145764.600327246     
   20.796792544016931        4.0581108481643255       -6.6518116453347975       -2.5937007971704724        326.66174579130558        67525518.317340940     
   21.143405753083879        4.3604110470810804       -6.6738635451436403       -2.3134524980625595        350.99570669724665        67005806.104412116     
   21.490018962150828        3.9523911863013241       -6.6753763190936803       -2.7229851327923558        318.15173445825974        63463908.883260287     
   21.836632171217776        3.9638269639191930       -6.8247335490838168       -2.8609065851646238        319.07226896825819        49558942.031146802     
   22.183245380284728        4.0029170144203858       -6.9755879819904907       -2.9726709675701044        322.21886220278407        40422768.244923875     
   22.529858589351676        3.8658642142554811       -6.9681268982340629       -3.1022626839785814        311.18665814465533        40983312.348057270     
   22.876471798418624        4.1957436835339310       -6.9762235700987665       -2.7804798865648359        337.74064037112709        41043273.861835204     
   23.223085007485572        4.2415299321874356       -6.9806552460515343       -2.7391253138640987        341.42625086280555        40300565.394811273     
   23.569698216552521        3.9604439321976570       -6.8036157875689716       -2.8431718553713146        318.79994840098630        55051651.714573517     
   23.916311425619472        4.0060262176884960       -6.8136276771770943       -2.8076014594885983        322.46914067116063        54134079.489411443     
   24.262924634686417        4.1151363232767935       -6.8292402188505728       -2.7141038955737797        331.25206920823337        48804009.422824569     
   24.609537843753369        4.0624191216485279       -7.0527750358126751       -2.9903559141641471        327.00854463203524        26843618.674901422     
   24.956151052820317        4.2811674073183843       -6.9114705473714970       -2.6303031400531132        344.61690959774188        41274851.285636753     
   25.302764261887265        4.4917143218113198       -7.0152985740726397       -2.5235842522613203        361.56509687812292        33551167.933907289     
   25.649377470954214        4.1702341850735261       -7.0791216184274539       -2.9088874333539274        335.68722743759281        23892792.756206825     
   25.995990680021162        4.6535678730756391       -6.9825694972357137       -2.3290016241600751        374.59366253261737        38903651.465493783     
   26.342603889088114        4.4732836174850785       -6.9292955305546240       -2.4560119130695455        360.08149865307769        43616391.381809302     
   26.689217098155062        3.9131589322388121       -6.7694318709558372       -2.8562729387170247        314.99369440393610        53558491.172211058     
   27.035830307222010        4.2467113946324613       -6.8784528691585827       -2.6317414745261209        341.84333793395098        47242843.955175683     
   27.382443516288959        4.1568784678345310       -6.7162886839610811       -2.5594102161265497        334.61214544185123        60585690.739493705     
   27.729056725355907        4.0118153425861509       -6.7720863539573992       -2.7602710113712479        322.93514214732221        54892148.705763400     
   28.075669934422855        4.6248520705109115       -6.8944064679369239       -2.2695543974260115        372.28215490047978        51747672.785662808     
   28.422283143489803        4.2181926616245846       -6.9187331150763605       -2.7005404534517758        339.54769361553042        44976917.403466307     
   28.768896352556755        3.9138408283424808       -6.9080137182101478       -2.9941728898676669        315.04858432193168        42026026.630313672     
   29.115509561623703        4.1384140488786567       -6.9586509796628633       -2.8202369307842066        333.12583332352244        41026955.779689990     
   29.462122770690652        4.1511678388973872       -6.8849268213717858       -2.7337589824743986        334.15246257758997        47780778.687104136     
   29.808735979757600        3.9795948992861243       -6.8817744435296690       -2.9021795442435447        320.34152490709391        48835268.523160830     
   30.155349188824552        4.2486176857035680       -6.9082041399430887       -2.6595864542395211        341.99678676582693        50022467.783201709     
   30.501962397891500        4.0176775092592543       -7.0396417911478579       -3.0219642818886032        323.40702319522944        36185409.323287971     
   30.848575606958448        4.0261667314206688       -7.0216120721871382       -2.9954453407664694        324.09037173730104        36573008.899579793     
   31.195188816025397        4.1788970659606663       -6.8562176551398419       -2.6773205891791751        336.38455481480213        51210163.576576561     
   31.541802025092341        3.9136350019853454       -6.9833929954335385       -3.0697579934481931        315.03201612070029        37926070.507370666     
   31.888415234159297        3.9060470306124544       -6.9839389158216099       -3.0778918852091555        314.42121467430701        32174072.241307229     
   32.235028443226241        4.1463919085429914       -7.1366700810425270       -2.9902781724995360        333.76801922310386        25738907.787967600     
   32.581641652293193        4.2463477646811576       -7.0528122775972744       -2.8064645129161159        341.81406717246631        34896272.413527779     
   32.928254861360138        4.0887705659654197       -7.1397121971420479       -3.0509416311766282        329.12973085063544        31352343.650392976     
   33.274868070427090        4.2382325392452644       -6.8982355813049994       -2.6600030420597354        341.16082387587716        51914596.946243376     
   33.621481279494041        3.7573765417016194       -6.9406428618612752       -3.1832663201596558        302.45383298555191        41731079.243211478     
   33.968094488560986        4.2961625818461631       -6.8617125284469696       -2.5655499466008065        345.82396136960392        52071370.697417252     
   34.314707697627938        4.3286266859702325       -6.8782455337710697       -2.5496188478008373        348.43719233482420        52094930.239309847     
   34.661320906694883        3.9331273887854215       -6.7415051179173693       -2.8083777291319478        316.60107555253734        57687882.668063626     
   35.007934115761834        4.2181643454445146       -6.8215058057067903       -2.6033414602622758        339.54541427591596        52306843.702038459     
   35.354547324828786        4.1174751536861987       -6.8539120338284292       -2.7364368801422305        331.44033573254279        48664466.820495762     
   35.701160533895731        4.2805013528033555       -6.8454112205479456       -2.5649098677445901        344.56329486447999        51436823.747281350     
   36.047773742962683        4.0962068178705913       -7.0203979696809578       -2.9241911518103660        329.72831948470053        31346334.932883542     
   36.394386952029627        4.0335047132812285       -6.8969313213354129       -2.8634266080541844        324.68105002452415        42147510.728071377     
   36.741000161096572        4.1396163389747587       -6.9237291285600362       -2.7841127895852780        333.22261288338041        43246588.728576593     
   37.087613370163531        3.9856985064230970       -6.7661547649953038       -2.7804562585722072        320.83284094985055        54773107.797715746     
   37.434226579230476        4.1164791575654824       -6.6132069133866631       -2.4967277558211811        331.36016201532112        64378167.924161978     
   37.780839788297428        3.8426675448326129       -6.6218838135541072       -2.7792162687214939        309.31941872864832        62230914.755096070     
   38.127452997364372        4.3397310055955138       -7.0212469105956608       -2.6815159050001469        349.33104579776250        34545815.525256284     
   38.474066206431317        4.2003790213697361       -6.7781579799485199       -2.5777789585787838        338.11376658833274        51526831.835409924     
   38.820679415498276        3.8346825567415435       -6.8786608839465213       -3.0439783272049779        308.67665901913193        40070004.677809514     
   39.167292624565221        4.3543011116924752       -6.9269081638510066       -2.5726070521585318        350.50388125546095        39120026.710902452     
   39.513905833632165        4.1548262692952580       -7.0005612975544089       -2.8457350282591505        334.44695164044174        31441006.951609578     
   39.860519042699117        4.0072184526956667       -6.8382521968768097       -2.8310337441811426        322.56511083644386        44068847.870757461     
   40.207132251766062        4.4660594915959617       -7.0462006386607676       -2.5801411470648064        359.49998531767369        32941724.942673057     
   40.553745460833021        4.5827127613477447       -7.1311236666157960       -2.5484109052680513        368.89010849940462        27799555.350874331     
   40.900358669899965        4.2098242993534116       -7.0880930685441657       -2.8782687691907540        338.87407381282054        26932329.854781788     
   41.246971878966910        4.2462672650728228       -7.0108818592106026       -2.7646145941377798        341.80758727490360        33995039.855496310     
   41.593585088033862        3.9273945983105887       -7.0279861082126498       -3.1005915099020611        316.13960877283813        27096464.079750847     
   41.940198297100807        4.4094883852890332       -7.0112552062785358       -2.6017668209895026        354.94623677826991        33666682.383590914     
   42.286811506167759        4.2071069821802158       -7.0733586060741720       -2.8662516238939562        338.65534061284734        27776099.311324015     
   42.633424715234710        4.2179475278814174       -7.0873141540437485       -2.8693666261623312        339.52796132642067        28439507.734053183     
   42.980037924301655        4.0741086211193078       -7.1408377995789856       -3.0667291784596773        327.94950273974166        21943950.041666396     
   43.326651133368607        3.7881905327418774       -6.9371969515435810       -3.1490064188017035        304.93423642563079        36146610.377371415     
   43.673264342435552        4.2937213474834497       -7.0272969463304440       -2.7335755988469939        345.62745173528225        36227704.433585636     
   44.019877551502503        4.1318870039010172       -7.0033363864189884       -2.8714493825179708        332.60043222260902        38421550.164935857     
   44.366490760569455        4.6083438812216899       -7.2782365428110420       -2.6698926615893521        370.95331147189034        22717430.935504626     
   44.713103969636400        4.4627915962116713       -7.0543363962886154       -2.5915448000769437        359.23693276656400        38431979.534555852     
   45.059717178703352        4.1850131005424887       -7.0153245430689877       -2.8303114425264986        336.87687121732773        38220846.154136367     
   45.406330387770296        4.1892281896846111       -6.8625966000586436       -2.6733684103740329        337.21616908999539        53013684.851294912     
   45.752943596837248        4.6463532987303013       -6.9680142476393847       -2.3216609489090834        374.01291805841078        46714643.927757233     
   46.099556805904200        4.3692787539291951       -7.1410685222794701       -2.7717897683502750        351.70952174778455        27986346.129377626     
   46.446170014971145        3.8654586296376880       -7.1562134508453497       -3.2907548212076616        311.15401019976878        25656224.913003642     
   46.792783224038089        3.8311224368727146       -6.9737887294826306       -3.1426662926099160        308.39008356195728        39391678.595451593     
   47.139396433105041        4.1592622441518090       -6.9537467271331073       -2.7944844829812978        334.80402993256939        44655598.048240043     
   47.486009642171993        3.9612492238509707       -6.8537776946894988       -2.8925284708385282        318.86477116881719        51174951.991483413     
   47.832622851238945        4.1703214421960952       -6.9904373481997695       -2.8201159060036747        335.69425128811281        42679683.913082369     
   48.179236060305890        4.0859485461045972       -7.0387044722879839       -2.9527559261833862        328.90256950170118        38160542.882367134     
   48.525849269372834        3.7721207237890986       -6.8855082924975921       -3.1133875687084935        303.64068086654055        50238217.692759581     
   48.872462478439786        3.8042531135911588       -7.0750595977110802       -3.2708064841199214        306.22721015120408        33658001.183809221     
   49.219075687506738        4.2344109567372348       -7.0586381523355710       -2.8242271955983362        340.85320171855665        40915419.655854024     
   49.565688896573683        4.0405292456289130       -7.1088787951261336       -3.0683495494972206        325.24649687551397        34647261.259277195     
   49.912302105640634        4.3674796738625599       -7.0943839251311269       -2.7269042512685671        351.56470297437636        38855130.912756771     
   50.258915314707579        3.6373966375057338       -7.1272021099890894       -3.4898054724833556        292.79592899255709        27608645.699811943     
   50.605528523774531        3.8128022439452978       -6.9982137955178034       -3.1854115515725057        306.91538106396843        38965675.462024048     
   50.952141732841483        3.9432470967586988       -6.9030002565342858       -2.9597531597755866        317.41567170260163        46897635.789023086     
   51.298754941908427        4.1695573495410967       -6.9605265755616372       -2.7909692260205397        335.63274487540826        41212101.993371002     
   51.645368150975379        3.8804358908170467       -6.9119723117869247       -3.0315364209698776        312.35962001849384        43480274.567199208     
   51.991981360042324        3.7857764599420234       -6.8963630845576978       -3.1105866246156744        304.73991318884089        44195669.745418452     
   52.338594569109276        4.2503972440943540       -6.9097856519206591       -2.6593884078263050        342.14003412215158        46609356.212383635     
   52.685207778176228        4.0693098573423141       -7.0309748143907251       -2.9616649570484110        327.56322138576087        34121714.600321032     
   53.031820987243172        4.0679281416632191       -7.0398832816574508       -2.9719551399942321        327.45199878174441        31936491.503074840     
   53.378434196310124        4.3228857402572238       -6.9484795530970418       -2.6255938128398175        347.97506909096239        43953009.226113215     
   53.725047405377069        4.1484773786702736       -6.7154902818563018       -2.5670129031860283        333.93589125471232        61105502.374259420     
   54.071660614444021        4.3000128372892128       -6.9144834698296265       -2.6144706325404137        346.13389158389020        47132199.070669562     
   54.418273823510972        4.0370472429188275       -6.7987694477653795       -2.7617222048465524        324.96620953820747        57356895.463225603     
   54.764887032577917        4.2157941079009067       -6.8724004225814301       -2.6566063146805230        339.35461960250655        51043569.677072845     
   55.111500241644869        3.7308682864822966       -6.9048960858783408       -3.1740277993960437        300.32002411442596        44192779.142665178     
   55.458113450711814        3.7247538314945658       -6.8003139348264616       -3.0755601033318953        299.82783486292783        50599959.124720730     
   55.804726659778765        3.9328219140749563       -6.9954359398109540       -3.0626140257359973        316.57648605610677        39694200.141562559     
   56.151339868845710        3.8546703358549856       -7.0462206676419061       -3.1915503317869205        310.28559555733455        37474394.317976825     
   56.497953077912662        3.8629896176581271       -6.9432781367730945       -3.0802885191149669        310.95526457802515        46475908.524765626     
   56.844566286979607        4.2662705009411725       -6.8753250022757015       -2.6090545013345290        343.41776802025856        54882664.519504599     
   57.191179496046558        4.2383954194726998       -6.8867788246271386       -2.6483834051544388        341.17393508487061        55502949.813573748     
   57.537792705113510        4.0354852606129850       -7.0334414413340971       -2.9979561807211126        324.84047618936302        41298245.808621354     
   57.884405914180455        4.1860599328498500       -6.9973423153830803       -2.8112823825332303        336.96113704491785        44408041.572752140     
   58.231019123247407        4.1505272777002871       -6.9183772837155617       -2.7678500060152755        334.10089995479331        47918706.796402678     
   58.577632332314352        4.3411800760291372       -6.9596922053416721       -2.6185121293125353        349.44769019101159        48200459.512187257     
   58.924245541381303        4.2820796409194219       -7.0092535604124544       -2.7271739194930316        344.69034076604504        42203008.117231898     
   59.270858750448255        4.1434195975825263       -7.0404168605092936       -2.8969972629267673        333.52876003977741        35601927.447303616     
   59.617471959515200        4.3592548629047219       -6.9361303269016279       -2.5768754639969060        350.90263848012876        47894314.850691833     
   59.964085168582152        3.9325772218530832       -6.9322133108415951       -2.9996360889885123        316.55678930770108        39556032.993230909     
   60.310698377649103        4.1650246981538217       -6.8708589951026378       -2.7058342969488165        335.26788450795414        45678404.600998022     
   60.657311586716048        4.1976152154491526       -6.9010621832709127       -2.7034469678217605        337.89129122952022        44842405.696289711     
   61.003924795783000        4.3659428128892834       -7.0195416280380671       -2.6535988151487837        351.44099179265839        36923801.421057172     
   61.350538004849945        4.4295886334827337       -7.0094232704861570       -2.5798346370034233        356.56422662908017        40801160.664054088     
   61.697151213916896        4.5708772518080822       -7.0118128840232563       -2.4409356322151741        367.93739716321608        40819415.018705510     
   62.043764422983848        4.1659289182391399       -6.9480471893464042       -2.7821182711072647        335.34067062018738        41447205.892663352     
   62.390377632050793        4.4254005591068299       -6.9858990369959049       -2.5604984778890745        356.22710333739997        42269981.139535010     
   62.736990841117745        4.7945431115746926       -7.0167437464363553       -2.2222006348616632        385.94160724001182        48427038.213181958     
   63.083604050184682        3.8363733929089632       -6.8810123698323027       -3.0446389769233395        308.81276459016289        47524232.398378193     
   63.430217259251641        3.9853264541145474       -6.8572461898603141       -2.8719197357457666        320.80289222218295        48351519.626422234     
   63.776830468318593        4.0122348191979036       -6.8496810841083349       -2.8374462649104317        322.96890834234262        45532981.130519174     
   64.123443677385538        4.3694928288981050       -6.8322107070822486       -2.4627178781841437        351.72675392938106        54331094.051804341     
   64.470056886452483        4.0108059241086078       -6.9239282174520378       -2.9131222933434304        322.85388798388374        46756856.269140355     
   64.816670095519427        4.3836876305675041       -6.8881274589823107       -2.5044398284148071        352.86937887679579        51339926.397545464     
   65.163283304586386        4.1554118927550112       -6.8792650903097625       -2.7238531975547513        334.49409199438884        49095064.146261163     
   65.509896513653331        4.3049310705834847       -7.0774169941460459       -2.7724859235625607        346.52978975775170        36080629.778568015     
   65.856509722720276        4.4706378179970114       -7.0494186066540223       -2.5787807886570104        359.86852234165519        39148738.367569305     
   66.203122931787235        4.2432046756962771       -6.8045206091065396       -2.5613159334102624        341.56106103897366        52306164.907978505     
   66.549736140854179        4.3436008511285005       -6.8842512553467294       -2.5406504042182285        349.64255293619362        44850108.407551192     
   66.896349349921124        4.0348530885499736       -6.8591626189938539       -2.8243095304438803        324.78958885841757        47879459.902963996     
   67.242962558988083        4.0185933542324159       -6.8434208794185176       -2.8248275251861021        323.48074506459199        47733797.475864597     
   67.589575768055028        4.1924873570173888       -6.8950932453818705       -2.7026058883644821        337.47851906775230        46944402.617738664     
   67.936188977121972        3.7886750275037118       -6.8686897695605209       -3.0800147420568091        304.97323632254074        45893902.467438728     
   68.282802186188917        4.2720939844101595       -6.9832735911557045       -2.7111796067455445        343.88653522444343        42362905.288937591     
   68.629415395255876        4.2567367519571944       -6.8763647287945560       -2.6196279768373607        342.65033923293231        52021714.302956678     
   68.976028604322821        4.0885961131719801       -6.9659637847213842       -2.8773676715494041        329.11568809621224        43950709.850670107     
   69.322641813389765        4.3578485473424600       -6.9353463014546133       -2.5774977541121533        350.78943568358369        50862569.075846560     
   69.669255022456724        4.1836335271210423       -7.0760390509329687       -2.8924055238119259        336.76582105651192        38076801.571416102     
   70.015868231523669        4.3729384431488940       -6.9566094082409897       -2.5836709650920962        352.00411214077519        45752138.420765504     
   70.362481440590614        4.0928508452492638       -6.9953588676382150       -2.9025080223889512        329.45817706712546        43430252.269055165     
   70.709094649657573        4.1318963177398480       -6.9594330042264190       -2.8275366864865705        332.60118194950576        49916631.781058326     
   71.055707858724517        4.1680712857158380       -7.0569486520318803       -2.8888773663160427        335.51312266160500        36982608.006728910     
   71.402321067791462        4.2645992715119432       -7.1126785087235422       -2.8480792372115995        343.28324071349050        34439666.312372513     
   71.748934276858407        4.1379336739201307       -6.9647437026780077       -2.8268100287578766        333.08716505435541        44888007.611284867     
   72.095547485925366        4.0984467790128782       -7.0059098768783414       -2.9074630978654641        329.90862742714501        39209080.848605804     
   72.442160694992310        3.8919132144398358       -7.1846639093092337       -3.2927506948693979        313.28349881626696        21551604.175675970     
   72.788773904059255        4.0561595376233752       -7.0494869447546558       -2.9933274071312805        326.50467307157533        32986793.604861815     
   73.135387113126214        4.6834849927994071       -7.1119540891217055       -2.4284690963222983        377.00187140705810        34847611.410049014     
   73.482000322193144        4.2509435211040811       -7.2384159397273606       -2.9874724186232795        342.18400724372458        22795828.338896904     
   73.828613531260103        4.1196269627494519       -7.0851168520169310       -2.9654898892674790        331.61354778403955        35702121.765783332     
   74.175226740327062        3.9040297417813918       -7.0214658435796160       -3.1174361017982242        314.25883096524240        40968109.279714972     
   74.521839949393993        4.0309628746163568       -6.8915327176513221       -2.8605698430349644        324.47644214493351        51546214.847940862     
   74.868453158460952        4.7259641772184660       -6.9538519615594669       -2.2278877843410010        380.42127641133430        51177430.856062651     
   75.215066367527896        4.0097380710161827       -6.8318646438193200       -2.8221265728031377        322.76793006689428        54437055.868087485     
   75.561679576594855        4.0506680319316652       -6.9662771019840033       -2.9156090700523385        326.06262875504603        43144742.716528282     
   75.908292785661800        4.1439458872492994       -6.9841873153411811       -2.8402414280918822        333.57112425992131        45446837.241143040     
   76.254905994728745        4.1977463589094102       -6.6846068502040774       -2.4868604912946672        337.90184775527314        68928074.919768721     
   76.601519203795704        4.1218946610025569       -6.8024111118580164       -2.6805164508554600        331.79608845333206        58895614.042123504     
   76.948132412862634        3.8496362757842748       -6.9298595121265416       -3.0802232363422664        309.88037378970824        44602943.942446798     
   77.294745621929593        4.0526515509028336       -6.9071842846446829       -2.8545327337418498        326.22229412501133        45101917.337168530     
   77.641358830996552        4.2191279089986979       -6.8448726729682257       -2.6257447639695277        339.62297730082270        49218891.020484418     
   77.987972040063482        4.0623286526407449       -6.9178952160669764       -2.8555665634262315        327.00126223755950        46033025.277711816     
   78.334585249130441        4.0877384192640900       -6.8110974992084383       -2.7233590799443479        329.04664715578724        56567790.733801767     
   78.681198458197386        4.2213879031650245       -6.9478479938258006       -2.7264600906607765        339.80489782184156        46647779.323448949     
   79.027811667264331        4.0460899225930387       -6.8654917234350483       -2.8194018008420096        325.69410920372439        54878937.084977143     
   79.374424876331290        4.4309831382219551       -6.7204364748414687       -2.2894533366195136        356.67647870145379        69682200.302343503     
   79.721038085398234        3.8859730098751086       -6.9152437686614201       -3.0292707587863115        312.80533602917870        47840832.529748201     
   80.067651294465179        3.8887095015485698       -6.8773418649214904       -2.9886323633729202        313.02561269998495        52479186.273609415     
   80.414264503532124        3.9365937299066003       -6.8752431768958226       -2.9386494469892219        316.88010219437109        50304714.010295607     
   80.760877712599083        4.0109111812496456       -6.9955845546040969       -2.9846733733544508        322.86236076413417        41550375.512930468     
   81.107490921666042        3.8350742627982179       -6.8682868529002166       -3.0332125901019991        308.70818979517475        50912530.002499118     
   81.454104130732972        3.8989554682588241       -6.9235544770023552       -3.0245990087435310        313.85037217505084        45281510.241049692     
   81.800717339799931        4.0456459464113159       -6.8357457394126113       -2.7900997930012954        325.65837089098784        50368780.642452992     
   82.147330548866876        4.0208328286439299       -6.9746397305048449       -2.9538069018609145        323.66101382714959        41639624.967809118     
   82.493943757933820        4.1311632970564416       -6.8404342263203581       -2.7092709292639165        332.54217670664718        49014486.876590535     
   82.840556967000779        3.9234613044123012       -6.8601681989965284       -2.9367068945842276        315.82299429393447        46534136.031398684     
   83.187170176067724        4.2024446671120161       -6.9564222695477209       -2.7539776024357048        338.28004283597750        40609956.557288945     
   83.533783385134669        3.8313352874021147       -7.1215287052253622       -3.2901934178232475        308.40721718105448        27647669.588634949     
   83.880396594201613        4.0462234798907666       -7.0887812364904335       -3.0425577565996673        325.70486003377096        30540306.422569323     
   84.227009803268572        4.0298543313372699       -7.0381308187673595       -3.0082764874300900        324.38720883012746        32415340.475585725     
   84.573623012335517        4.0808520409596492       -7.0174859768814652       -2.9366339359218161        328.49232115453333        34730508.785952240     
   84.920236221402462        4.2266485291074147       -6.8913086177241762       -2.6646600886167606        340.22835723894298        46248369.733264744     
   85.266849430469421        3.9571016996053485       -7.0266896634887903       -3.0695879638834418        318.53091200097322        34872194.585884579     
   85.613462639536365        3.8081840821670436       -7.0995840622216502       -3.2913999800546065        306.54363745092411        29083807.174337462     
   85.960075848603310        4.1326466957834649       -7.1262039289236041       -2.9935572331401392        332.66158439066675        30472532.482713968     
   86.306689057670269        4.2385429637125274       -7.0622658391662867       -2.8237228754537598        341.18581180799794        34074727.856627196     
   86.653302266737214        4.1002055390293535       -7.0138446923715918       -2.9136391533422383        330.05020059724944        36198509.001145907     
   86.999915475804158        4.0964423102167151       -6.8339233668688832       -2.7374810566521677        329.74727567978334        48422681.025112979     
   87.346528684871103        4.0845972513392850       -7.0221621429519754       -2.9375648916126909        328.79379565997249        34122740.571042761     
   87.693141893938062        4.1745988652302879       -7.0422819323105301       -2.8676830670802427        336.03856679060067        38915659.761848420     
   88.039755103005007        4.1298864451495199       -6.9179072779395590       -2.7880208327900391        332.43939521825575        49731142.034269340     
   88.386368312071951        4.2110050055439823       -6.8273882713471092       -2.6163832658031270        338.96911595432653        56327650.002404191     
   88.732981521138910        4.4547511243515805       -6.9462518987172261       -2.4915007743656457        358.58970683482505        51350073.664012246     
   89.079594730205855        3.9232058914924632       -6.7728640155007236       -2.8496581240082604        315.80243457208024        56412600.922445200     
   89.426207939272800        4.5095981198612964       -6.9158878479228028       -2.4062897280615063        363.00467132814737        52050502.731116585     
   89.772821148339759        4.2356022443048129       -6.7818973016238360       -2.5462950573190226        340.94909561872953        60328260.989757814     
   90.119434357406703        3.6887330486174492       -6.9802786830314218       -3.2915456344139726        296.92830543663553        38472312.857141182     
   90.466047566473648        3.8933845478622988       -6.9090615203661834       -3.0156769725038846        313.40193529136724        45143461.285104603     
   90.812660775540593        4.3160542262642467       -7.1421927317211642       -2.8261385054569184        347.42515944806701        33966636.335774630     
   91.159273984607552        4.1540403788514553       -7.0534186845002136       -2.8993783056487574        334.38369059263437        37270057.368698053     
   91.505887193674496        3.9662453207866712       -7.0969940383947216       -3.1307487176080508        319.26693705541356        33984629.459234819     
   91.852500402741441        3.7882178643480775       -7.0266575541454408       -3.2384396897973633        304.93643651097364        35874960.675512522     
   92.199113611808400        4.1457076950892686       -7.0759218593289717       -2.9302141642397030        333.71294276766696        36475862.894419499     
   92.545726820875331        3.8380391607771771       -6.8660615494771298       -3.0280223886999527        308.94685226304154        51126957.875093222     
   92.892340029942289        4.2002039616663707       -6.9825244486462923       -2.7823204869799216        338.09967498007978        45338546.442912534     
   93.238953239009248        4.1034920703064337       -6.8152569454884304       -2.7117648751819967        330.31475326343758        59122068.263874069     
   93.585566448076179        4.2914913060245894       -7.1182931458866694       -2.8268018398620800        345.44794228780921        36719821.111693449     
   93.932179657143138        3.5725499692152427       -7.0443198704236938       -3.4717699012084511        287.57603070365167        35335689.736684054     
   94.278792866210082        3.9058580171593178       -6.8240075499869173       -2.9181495328275999        314.40599984482361        57875097.030525096     
   94.625406075277041        3.7891050512767048       -6.9045345873005610       -3.1154295360238562        305.00785152199524        48262825.305907764     
   94.972019284343986        4.2627699667046990       -6.8538432395768876       -2.5910732728721890        343.13598896895297        55424530.352115162     
   95.318632493410931        4.2156877524169003       -6.9220876142322325       -2.7063998618153322        339.34605841002565        47873249.728810713     
   95.665245702477890        4.6207731094939826       -7.0254766825600692       -2.4047035730660862        371.95381479922122        42761516.318262264     
   96.011858911544820        4.3473771113355415       -7.0721843386136403       -2.7248072272780988        349.94652682896009        39485318.915048234     
   96.358472120611779        4.3352738802493258       -6.9250579128415373       -2.5897840325922110        348.97226497553453        56462956.582510144     
   96.705085329678738        4.1614452755775222       -6.9849100229950967       -2.8234647474175740        334.97975525977756        46407203.413962163     
   97.051698538745669        4.4124334720694325       -7.1201805742807744       -2.7077471022113420        355.18330452362920        36822499.795331120     
   97.398311747812627        4.3283251706324402       -7.0224293457232534       -2.6941041750908123        348.41292155210999        46138889.056323312     
   97.744924956879572        3.9526861504972390       -6.9123140004311630       -2.9596278499339239        318.17547790016874        51466214.409397528     
   98.091538165946517        3.7649807629096155       -6.8923221581327807       -3.1273413952231648        303.06594247889183        52652078.708491452     
   98.438151375013476        4.4838872125924905       -7.0208064187145682       -2.5369192061220778        360.93504578844443        48377614.489320114     
   98.784764584080420        4.1470856037906785       -6.8640308587197154       -2.7169452549290369        333.82385892515617        54749524.034572259     
   99.131377793147365        4.1521968616346676       -6.9807829916310196       -2.8285861299963519        334.23529480578577        46243122.225217946     
   99.477991002214310        4.5592016822064139       -6.8398086838453613       -2.2806070016389479        366.99756035444233        64532058.000726506     
   99.824604211281269        4.2421167755426721       -6.8683343957764480       -2.6262176202337759        341.47348941347610        59546441.986858353     
   100.17121742034823        4.1142339802622940       -6.9309020006626012       -2.8166680204003072        331.17943419271808        50736549.334957048     
   100.51783062941516        4.0832029898479689       -6.8490456338343577       -2.7658426439863883        328.68156316808557        50936924.931197964     
   100.86444383848212        3.9876456934155073       -6.8091011512160611       -2.8214554578005537        320.98958174036159        51661193.412343629     
   101.21105704754906        4.2043026058364319       -6.7629774010378902       -2.5586747952014579        338.42959949669950        59583966.175102241     
   101.55767025661601        3.8453067307047113       -6.8895626885845216       -3.0442559578798098        309.53186267035028        47361590.275693327     
   101.90428346568297        4.2644989596701475       -6.9902863938637463       -2.7257874341935988        343.27516601011484        42650483.353611156     
   102.25089667474991        4.5802486484095208       -6.7867559383491018       -2.2065072899395810        368.69175723095884        63984724.621939518     
   102.59750988381685        4.2665842784717887       -6.9520876892301171       -2.6855034107583289        343.44302586061241        47908421.830674469     
   102.94412309288380        4.0501520619134395       -6.7816277914348815       -2.7314757295214420        326.02109522547136        58885278.547409236     
   103.29073630195076        4.1438179565125060       -6.7616567254413305       -2.6178387689288245        333.56082634559988        59597343.293253526     
   103.63734951101770        4.3547480922182666       -6.8346388816014372       -2.4798907893831701        350.53986140591832        56309549.723522328     
   103.98396272008465        3.8213798635948830       -6.8691042248472529       -3.0477243612523703        307.60584525144498        47243171.353805654     
   104.33057592915161        4.0437530797662653       -6.6178967009639091       -2.5741436211976434        325.50600267189344        69690379.492007270     
   104.67718913821855        4.3994805267971104       -6.8035844351267842       -2.4041039083296738        354.14064406557151        60533298.091526814     
   105.02380234728550        3.8899963533003237       -6.8903066244120756       -3.0003102711117515        313.12919913602150        48364350.139556170     
   105.37041555635246        3.9112828517885334       -6.5972583050899942       -2.6859754533014604        314.84267740660346        74820515.767445415     
   105.71702876541940        3.6260854160525358       -6.7793585555019442       -3.1532731394494085        291.88542075727690        54738728.013324447     
   106.06364197448634        4.0767443884380814       -6.7725957879712322       -2.6958513995331508        328.16167150152887        59521026.406486474     
   106.41025518355329        4.1034095883544532       -6.7596207326367486       -2.6562111442822944        330.30811379511397        60237420.291704707     
   106.75686839262025        4.5513149923091545       -6.7824981106285716       -2.2311831183194171        366.36271325766609        62467340.622501634     
   107.10348160168719        4.1604895837168225       -6.8116382451612241       -2.6511486614444006        334.90282587481613        52852818.193547025     
   107.45009481075414        4.4449240302987718       -6.7953108283535570       -2.3503867980547852        357.79866493886550        57496142.485673346     
   107.79670801982110        4.0695013489795908       -6.6841629105820877       -2.6146615616024973        327.57863569918845        58995211.908447340     
   108.14332122888804        3.8935935225516998       -6.5663938286503312       -2.6728003060986310        313.41875692079537        66838554.651847504     
   108.48993443795499        4.0841171873814570       -6.7123529669296218       -2.6282357795481648        328.75515242512182        58232855.937892750     
   108.83654764702194        4.1549569505764712       -6.7422216547895566       -2.5872647042130854        334.45747096262403        59521112.068956599     
   109.18316085608889        3.8334551395834611       -6.8563637331652671       -3.0229085935818061        308.57785683095244        44558509.086116396     
   109.52977406515583        3.7546364532481764       -6.7284185308390665       -2.9737820775908901        302.23326678829557        53634185.734157026     
   109.87638727422278        3.9576794625859915       -6.9174342378283775       -2.9597547752423865        318.57741961768750        41297309.917139918     
   110.22300048328974        4.1030250326118836       -6.8869759248114786       -2.7839508921995946        330.27715859085214        45315238.926398128     
   110.56961369235668        4.2052780535706447       -6.8724580869373924       -2.6671800333667472        338.50811915072285        47869567.465549722     
   110.91622690142363        3.7510786930368560       -6.8273681713550989       -3.0762894783182428        301.94688127414366        44474185.449541472     
   111.26284011049059        4.5523794855949227       -6.9443124913848289       -2.3919330057899058        366.44840072361336        42641918.550135151     
   111.60945331955753        4.2304654654984448       -6.9261236699320268       -2.6956582044335820        340.53560540236668        43716121.340508677     
   111.95606652862446        4.2811234078338760       -6.9820237843955795       -2.7009003765617035        344.61336781464098        37568079.823650584     
   112.30267973769142        4.3682580348416966       -6.9268156934074439       -2.5585576585657472        351.62735793029401        45382691.428056948     
   112.64929294675837        4.0653409179206914       -6.8759545859969569       -2.8106136680762654        327.24373758432813        46185612.222840704     
   112.99590615582532        4.0767969738681602       -6.8772227290875385       -2.8004257552193788        328.16590441902059        48305126.372362308     
   113.34251936489228        3.9858772018447728       -6.9807610106515430       -2.9948838088067702        320.84722521893372        38981816.503033817     
   113.68913257395921        4.0524612259003225       -7.1574833884839730       -3.1050221625836505        326.20697372103172        23998515.402252860     
   114.03574578302616        4.1734060723306223       -7.0403523908409706       -2.8669463185103483        335.94255171719573        34285633.022024795     
   114.38235899209312        4.2990065715945915       -6.7457283250071294       -2.4467217534125378        346.05289120690850        59337298.666967951     
   114.72897220116008        4.3163995577166041       -6.8695246167050295       -2.5531250589884258        347.45295725333267        47513266.189404726     
   115.07558541022702        3.8907934533228365       -6.8318076300030608       -2.9410141766802242        313.19336251022844        47483747.574017696     
   115.42219861929395        4.0628577251476301       -7.1223499149046008       -3.0594921897569716        327.04385046523879        25763514.521645792     
   115.76881182836091        3.8546683858149700       -6.7934120010830288       -2.9387436152680588        310.28543858688698        52086986.821826242     
   116.11542503742785        4.1411442179202984       -6.9510110835050769       -2.8098668655847789        333.34560104767206        42376970.854902036     
   116.46203824649481        4.1753352790350950       -6.9150260886430130       -2.7396908096079176        336.09784516620545        46651638.759072095     
   116.80865145556177        3.9134729955227279       -6.8795197922891793       -2.9660467967664519        315.01897524629146        47463885.594382465     
   117.15526466462870        3.9961947705546965       -6.8466987148575882       -2.8505039443028912        321.67774836953470        52307157.341359220     
   117.50187787369565        4.1106288039342065       -6.8519594860193500       -2.7413306820851435        330.88923187018878        48842205.585091427     
   117.84849108276261        4.4085119438395806       -6.9324721900650115       -2.5239602462254309        354.86763713413126        44402345.557916872     
   118.19510429182955        4.4261789566362992       -6.8587196078484594       -2.4325406512121601        356.28976123547369        49785939.062409818     
   118.54171750089651        4.0142011495372838       -6.6978704254597528       -2.6836692759224685        323.12719009597066        60905723.304772705     
   118.88833070996347        4.7203279331966721       -6.8319508422960507       -2.1116229090993781        379.96758123622647        55715682.634902090     
   119.23494391903040        4.0773626610719544       -6.8043045609631836       -2.7269418998912296        328.21143998383809        48839766.120409444     
   119.58155712809734        3.9937804723156751       -6.8582014533440550       -2.8644209810283803        321.48340698579051        42847387.689501017     
   119.92817033716430        4.1434729975142242       -7.0194894270356309       -2.8760164295214072        333.53305852140249        31983427.405269179     
   120.27478354623126        4.1148563236444380       -6.8274073959610400       -2.7125510723166020        331.22953035403538        46485994.943012081     
   120.62139675529821        3.8233584881418348       -6.8734162430401717       -3.0500577548983374        307.76511663977220        42025632.423261657     
   120.96800996436514        3.9898765275289767       -6.8780542676653926       -2.8881777401364159        321.16915499337080        45933410.957076803     
   121.31462317343210        4.0552157091451972       -6.7573613673462081       -2.7021456582010113        326.42869864161401        53368210.786431871     
   121.66123638249904        3.5306583024247642       -6.8929437353267513       -3.3622854329019871        284.20391852636220        37060472.615649477     
   122.00784959156600        4.1306320787066104       -6.9312484455485306       -2.8006163668419202        332.49941574716513        36439014.949787453     
   122.35446280063296        4.3036742949046634       -7.1240223930911952       -2.8203480981865319        346.42862432568927        24950186.655575797     
   122.70107600969989        4.3035693323106790       -7.0215236756098038       -2.7179543432991249        346.42017525530241        33132134.769569438     
   123.04768921876683        4.0756260894385896       -7.0144980660254070       -2.9388719765868179        328.07165289012102        36424706.013489895     
   123.39430242783379        4.4205128664585631       -7.1199383613054570       -2.6994254948468939        355.83366356379281        33943914.232477807     
   123.74091563690074        4.6283074019455324       -6.9001065567119166       -2.2717991547663838        372.56029530643525        53177585.739782430     
   124.08752884596770        4.4702003036604632       -6.8260720628370750       -2.3558717591766123        359.83330418169527        57949333.551327057     
   124.43414205503463        3.9499194198303926       -6.9313562371704212       -2.9814368173400285        317.95276711094147        42421366.596777923     
   124.78075526410159        4.0473434817714207       -7.0239898757262500       -2.9766463939548293        325.79501572032393        34719709.660783514     
   125.12736847316853        4.3646216484041549       -6.9014430647300022       -2.5368214163258473        351.33464331837149        46203119.376860313     
   125.47398168223549        4.1514696382621334       -6.9836969028611708       -2.8322272645990378        334.17675622334167        38437575.386433408     
   125.82059489130245        4.1389021887663962       -6.9352399909202900       -2.7963378021538943        333.16512663853661        41004786.555515215     
   126.16720810036936        4.1811535196611338       -7.1070400059045600       -2.9258864862434257        336.56619034243334        28116193.467298068     
   126.51382130943632        3.7914089904171648       -6.9545940320247057       -3.1631850416075413        305.19330943824707        34985498.451204307     
   126.86043451850328        4.0256975578000196       -7.1456916864420883       -3.1199941286420687        324.05260513117940        23177394.844790749     
   127.20704772757023        4.0355475303321606       -6.9571629206807790       -2.9216153903486184        324.84548865352116        37528859.840416789     
   127.55366093663719        4.3747171696940548       -7.0518508731868268       -2.6771337034927720        352.14729253684305        35770448.871835403     
   127.90027414570412        3.9654910760819617       -6.8442466288830559       -2.8787555528010946        319.20622336344883        48726620.750232697     
   128.24688735477108        3.4307524468152315       -6.7841329769168794       -3.3533805301016479        276.16189542022983        48734486.147246860     
   128.59350056383803        3.9963033770470964       -6.9716462462949176       -2.9753428692478212        321.68649075921775        40460447.422619693     
   128.94011377290497        4.3169706125919793       -6.7928772561394464       -2.4759066435474675        347.49892489431454        54061112.031149551     
   129.28672698197192        4.2604963964583558       -6.7715070264938451       -2.5110106300354889        342.95297562761328        53875782.442999437     
   129.63334019103885        4.5832125190273079       -6.7838870167764114       -2.2006744977491035        368.93033700034675        61164878.464093752     
   129.97995340010581        3.9028088448282658       -6.7226183456637889       -2.8198095008355226        314.16055362756947        60062644.788258269     
   130.32656660917277        4.3376789669878111       -6.7410475184065897       -2.4033685514187786        349.16586487020680        59302782.124096714     
   130.67317981823973        4.0562638302405549       -7.0142103286103623       -2.9579464983698074        326.51306821150030        33913996.474668443     
   131.01979302730666        4.2996682342109258       -6.8883298890779621       -2.5886616548670363        346.10615240983356        49485170.306701444     
   131.36640623637359        4.1161275490193630       -6.8444893951619141       -2.7283618461425507        331.33185892903111        54100357.067907937     
   131.71301944544055        4.3666364431148841       -6.8787054135507582       -2.5120689704358741        351.49682626069188        55071446.981725767     
   132.05963265450751        4.1711091980255635       -6.6756309286576494       -2.5045217306320855        335.75766249202997        67447342.372330531     
   132.40624586357447        4.2757308764647988       -6.7351943624721624       -2.4594634860073632        344.17929053652676        69183690.584551737     
   132.75285907264143        3.8173597676112960       -6.7506427757106433       -2.9332830080993468        307.28224355070751        63118123.478009790     
   133.09947228170836        4.1593808928095237       -6.7799762974781075       -2.6205954046685838        334.81358067652758        60546419.822532974     
   133.44608549077529        4.1292247280326633       -6.9119041271134130       -2.7826793990807497        332.38612962825579        47913164.242994994     
   133.79269869984225        4.1238322264927136       -6.9178816282191011       -2.7940494017263875        331.95205475126744        42989857.794135004     
   134.13931190890921        4.5347607729496282       -6.8599561355464731       -2.3251953625968453        365.03016459191412        53325886.530119613     
   134.48592511797617        3.9108029659739225       -6.7467502572657860       -2.8359472912918635        314.80404851157158        55892650.363275811     
   134.83253832704310        4.3624448435172427       -6.7290856809068167       -2.3666408373895735        351.15941920271490        63886764.614033520     
   135.17915153611006        4.1080885537047438       -6.5798733416389164       -2.4717847879341721        330.68475185331636        71944977.938523456     
   135.52576474517699        3.8990938318435080       -6.7938722538593748       -2.8947784220158663        313.86150989203736        51940412.951221786     
   135.87237795424394        4.2013374020817897       -6.8430478660982947       -2.6417104640165050        338.19091241510915        47899358.952161238     
   136.21899116331090        4.2095783501205295       -6.8232875117395322       -2.6137091616190027        338.85427588003961        51883515.282085232     
   136.56560437237783        3.8057657832386007       -7.1485810001028254       -3.3428152168642242        306.34897402763005        20069302.026969563     
   136.91221758144479        3.9363843296526753       -7.0056156070989690       -3.0692312774462933        316.86324630869530        30976336.335865002     
   137.25883079051175        3.9674894584832896       -7.0919324546766314       -3.1244429961933418        319.36708518028945        22799322.542980071     
   137.60544399957871        4.0062128109613209       -7.0452572900456056       -3.0390444790842852        322.48416068577689        22130191.137199294     
   137.95205720864564        4.0843201169590024       -7.1305861278368097       -3.0462660108778077        328.77148744714412        16307868.727865590     
   138.29867041771257        4.2509449338080261       -7.0889419424924114       -2.8379970086843853        342.18412096076042        24628942.188358597     
   138.64528362677953        3.8452780714782238       -7.1148927512092035       -3.2696146797309797        309.52955571686681        21077938.342032176     
   138.99189683584649        4.5279372118214418       -7.1897965768845076       -2.6618593650630662        364.48089512293063        18836906.038494129     
   139.33851004491345        4.2499238958557601       -7.1165320922063353       -2.8666081963505756        342.10193147592730        20121528.716544095     
   139.68512325398041        4.5179472546711601       -7.2108365248046331       -2.6928892701334730        363.67674339687136        16492953.045244999     
   140.03173646304734        4.0509795496284600       -7.1167627157170985       -3.0657831660886390        326.08770468778607        21783629.122658674     
   140.37834967211427        4.1166365776990501       -6.9382318962674452       -2.8215953185683951        331.37283370852475        33334142.657975841     
   140.72496288118123        4.3502106044123465       -7.0377309909840742       -2.6875203865717276        350.17461172604351        27302332.587586075     
   141.07157609024819        4.1946300693619971       -7.0563211801511505       -2.8616911107891534        337.65099886966186        27830914.186122421     
   141.41818929931515        3.9318427214586475       -6.9991784918925237       -3.0673357704338762        316.49766495400354        30381333.319665670     
   141.76480250838208        4.6170369147937871       -7.0300301772070624       -2.4129932624132753        371.65306602003636        33258212.899697058     
   142.11141571744903        4.3561103618947570       -7.0338887971026729       -2.6777784352079159        350.64951868424583        35288893.140994228     
   142.45802892651596        4.3745168357133704       -6.9524971392957404       -2.5779803035823696        352.13116645002083        42770308.098527014     
   142.80464213558292        4.3309479994878988       -7.1386393186710544       -2.8076913191831556        348.62404881917894        24214947.583748199     
   143.15125534464988        3.9944829822607684       -7.1232216005444853       -3.1287386182837169        321.53995623584456        21304644.335454501     
   143.49786855371681        4.3961531198660344       -7.0315322799391513       -2.6353791600731169        353.87280107218578        33164276.968089905     
   143.84448176278377        4.1784707179205940       -6.9606077764515426       -2.7821370585309486        336.35023549719466        35894432.672238842     
   144.19109497185073        3.9192210670925549       -7.0191051501091302       -3.0998840830165757        315.48167209322020        27895428.779866792     
   144.53770818091766        3.8029941141615069       -6.7883975841857165       -2.9854034700242100        306.12586571606465        45613859.089281678     
   144.88432138998462        4.2260772687723422       -6.9432922247976299       -2.7172149560252876        340.18237305927460        38287132.963831104     
   145.23093459905155        4.3158792577161220       -6.9806353885189383       -2.6647561308028163        347.41107517744769        35421652.113127671     
   145.57754780811851        3.9346565654292993       -6.9648874660319038       -3.0302309006026045        316.72416817637190        34550641.453547552     
   145.92416101718547        4.0762723575948181       -7.0278697919435444       -2.9515974343487255        328.12367490037701        30974532.770819128     
   146.27077422625243        4.2401305998105210       -6.9057878397095696       -2.6656572398990490        341.31361018484279        45017756.338191427     
   146.61738743531936        3.9709841115704299       -6.8869766135902024       -2.9159925020197726        319.64839082251871        42919849.995540552     
   146.96400064438629        3.8813994762583519       -6.9124529500236500       -3.0310534737652981        312.43718480522659        41844373.110911816     
   147.31061385345325        3.9262213385087570       -7.0117199815690174       -3.0854986430602609        316.04516603594084        37578470.078207210     
   147.65722706252021        4.0289587917130154       -6.9053577951456626       -2.8763990034326472        324.31512146040558        46238692.247964837     
   148.00384027158717        3.9961936991245826       -6.8381047573596332       -2.8419110582350506        321.67766212368173        49681513.694136098     
   148.35045348065412        4.3566888840655835       -6.9650548719145915       -2.6083659878490080        350.69608741274334        44043037.192224160     
   148.69706668972105        4.1961117692452437       -6.8213516410064301       -2.6252398717611864        337.77026980352980        55479796.733448826     
   149.04367989878799        4.4515698066002543       -6.7871151818219326       -2.3355453752216779        358.33362343803094        60724145.051214762     
   149.39029310785494        4.0633612539216291       -6.8022659157112129       -2.7389046617895834        327.08438252424980        57247444.162642911     
   149.73690631692190        4.1747341158405860       -6.9217062475298698       -2.7469721316892843        336.04945392555891        48316225.717741877     
   150.08351952598886        4.4448571974508244       -6.8709415559699361       -2.4260843585191125        357.79328516103203        55304685.566805042     
   150.43013273505579        4.0347697601599890       -7.0242001451090506       -2.9894303849490611        324.78288125520891        36937065.225332230     
   150.77674594412275        4.0560988009084449       -7.0692768438990612       -3.0131780429906163        326.49978400814780        35311496.029821068     
   151.12335915318971        4.0862778759518150       -6.9448566108831855       -2.8585787349313705        328.92907924154281        45189882.815529235     
   151.46997236225664        4.2759307360363072       -6.8799633789902934       -2.6040326429539862        344.19537843530151        51199621.930386007     
   151.81658557132360        4.5540954728882967       -6.8080640523578966       -2.2539685794695998        366.58653086001971        58741426.749300651     
   152.16319878039053        4.2163720267504390       -6.7335214151750851       -2.5171493884246461        339.40113976604505        60181911.013510436     
   152.50981198945749        4.4167662751764665       -6.9084315802131284       -2.4916653050366615        355.53207790121053        49826408.609675325     
   152.85642519852445        4.1978566721519632       -6.8218926705908247       -2.6240359984388615        337.91072753153964        54005732.539217852     
   153.20303840759141        4.4149233353200161       -6.8741861051872801       -2.4592627698672644        355.38372858956745        50798205.866553828     
   153.54965161665834        4.2098777763631468       -6.7615911773020771       -2.5517134009389308        338.87837849892031        55297516.428029604     
   153.89626482572527        4.1820025446669336       -6.9771389640093666       -2.7951364193424331        336.63453347079820        40345640.224318303     
   154.24287803479223        4.5785804950170137       -6.8399988768941364       -2.2614183818771227        368.55747753288432        59053773.624535896     
   154.58949124385919        4.1371045064048362       -6.7437895527043832       -2.6066850462995474        333.02042037481510        66879163.210454747     
   154.93610445292614        3.8899965629811746       -6.9828400664247310       -3.0928435034435564        313.12921601449409        41781956.043351643     
   155.28271766199310        4.0773017150365938       -6.9027681141355659       -2.8254663990989726        328.20653407095034        48867331.669522651     
   155.62933087106003        4.2761010096200955       -6.9069442203212601       -2.6308432107011646        344.20908478000808        50593304.721503116     
   155.97594408012696        4.4561277824726435       -6.7354854813211604       -2.2793576988485165        358.70052232558169        62130837.640720971     
   156.32255728919392        4.0061714770342798       -6.7785312651996490       -2.7723597881653697        322.48083346942599        56115477.924183890     
   156.66917049826088        4.2362836316744028       -6.8472189498928593       -2.6109353182184569        341.00394458565978        51181217.402655520     
   157.01578370732784        4.2639164280092281       -6.7469207681069374       -2.4830043400977089        343.22827453364846        59326097.298073530     
   157.36239691639477        4.1914983954062039       -6.7951257994412586       -2.6036274040350547        337.39891160050524        54809587.729145110     
   157.70901012546173        4.2351839945691001       -6.9732588860308340       -2.7380748914617334        340.91542818233938        39704100.448624082     
   158.05562333452866        4.0473162945950403       -6.9345279064669212       -2.8872116118718809        325.79282726100587        41905327.004210584     
   158.40223654359562        4.2231421983437762       -6.9163638129033815       -2.6932216145596053        339.94611159030819        46595586.823104039     
   158.74884975266258        3.9268394248363112       -6.9803946609713519       -3.0535552361350402        316.09491952133419        39919738.006139569     
   159.09546296172951        4.0219245284130771       -7.0173416612307076       -2.9954171328176304        323.74889130655140        36243494.065230362     
   159.44207617079647        3.8410428751245811       -6.8201688177519086       -2.9791259426273271        309.18863929382832        46621817.540492803     
   159.78868937986343        4.2455221989201561       -6.8963478061266894       -2.6508256072065333        341.74761241978842        45464575.448421337     
   160.13530258893036        4.3779492517768848       -7.0717089368734483       -2.6937596850965631        352.40746225995349        33288573.816059183     
   160.48191579799732        4.0348602266684601       -6.8759876981810164       -2.8411274715125567        324.79016344849998        49057697.045128830     
   160.82852900706425        4.0585520961557986       -6.8845289343867337       -2.8259768382309356        326.69726449560284        48053776.494488686     
   161.17514221613121        4.2181304283181991       -6.8753924378198645       -2.6572620095016655        339.54268408245679        50601206.879175335     
   161.52175542519817        4.2075067748283841       -6.8297187428239319       -2.6222119679955478        338.68752232726848        52929010.525451496     
   161.86836863426512        4.3101106387867505       -6.7176278420984810       -2.4075172033117300        346.94672434998671        63222373.176415183     
   162.21498184333208        4.2213072758709558       -6.8742153174642162       -2.6529080415932600        339.79840764608639        49429697.902892739     
   162.56159505239899        4.1540747878749000       -6.9548353903738089       -2.8007606024989093        334.38646038185152        40464175.580092452     
   162.90820826146594        3.8654750869218826       -7.0229160193780968       -3.1574409324562143        311.15533494554018        33862011.252428070     
   163.25482147053290        4.3540420415761094       -6.7882602650728181       -2.4342182234967087        350.48302714386546        55225890.364715457     
   163.60143467959986        4.3738252228936494       -6.8011465682517365       -2.4273213453580871        352.07549437511841        54471154.981323026     
   163.94804788866682        4.1712031807137455       -6.6490096787978841       -2.4778064980841381        335.76522772377064        65448881.993210211     
   164.29466109773375        3.9248691939831106       -6.7474068136649974       -2.8225376196818868        315.93632379189285        53937042.129452325     
   164.64127430680071        3.8192926206751583       -6.9684623756472295       -3.1491697549720716        307.43783051711210        34771992.283062629     
   164.98788751586764        4.2285888880520321       -7.0890302549090727       -2.8604413668570405        340.38454839882638        28316341.820318244     
   165.33450072493460        4.2919825438320283       -6.8562868047102423       -2.5643042608782141        345.48748497300943        51449214.835727945     
   165.68111393400156        4.2296417698158368       -6.7572652339803430       -2.5276234641645061        340.46930118354442        58856092.940709829     
   166.02772714306849        3.9580525827107786       -6.6596247184908099       -2.7015721357800313        318.60745430030539        61223819.678703889     
   166.37434035213545        4.1877031581368573       -6.8146860431066205       -2.6269828849697632        337.09341012987443        49808070.821251899     
   166.72095356120241        4.2382390218805064       -6.8316538932072719       -2.5934148713267655        341.16134570217145        48982808.834723875     
   167.06756677026934        4.2859341548228551       -6.7168812570092138       -2.4309471021863587        345.00061376941596        55892532.093786351     
   167.41417997933630        4.0921891816649580       -6.8154304759185624       -2.7232412942536048        329.40491578628252        47202794.008824036     
   167.76079318840323        4.0465575668226226       -6.8070553739468060       -2.7604978071241839        325.73175269996210        47571066.892044611     
   168.10740639747019        4.1750104140083089       -6.8584195622580468       -2.6834091482497380        336.07169482660976        47399415.596209973     
   168.45401960653714        4.3584717506268325       -6.8656527920921402       -2.5071810414653082        350.83960106360234        50007316.576386981     
   168.80063281560410        3.9034494280424563       -6.9095080450917825       -3.0060586170493266        314.21211802265412        40326409.116298065     
   169.14724602467103        4.4075773625122814       -7.0641888634579679       -2.6566115009456865        354.79240706295229        30878507.731222950     
   169.49385923373796        3.8726406857968998       -7.0912717637087930       -3.2186310779118932        311.73213708962459        22292563.922311254     
   169.84047244280492        4.1311497867278790       -7.0716228224801503       -2.9404730357522713        332.54108917905631        28900794.234309558     
   170.18708565187188        3.9537861999808439       -6.8494139323432304       -2.8956277323623865        318.26402749829850        45598283.337760188     
   170.53369886093884        4.2144853617697651       -7.0288252618510398       -2.8143399000812743        339.24927075621031        35968216.451389387     
   170.88031207000580        4.2142247564324551       -6.9032910261852409       -2.6890662697527863        339.22829306544884        45107239.333990097     
   171.22692527907273        4.2001886065369662       -6.8888277316267965       -2.6886391250898307        338.09843895337536        46201856.460496642     
   171.57353848813966        4.4753774287506900       -6.9647051419946182       -2.4893277132439282        360.25004211306998        44239903.008071907     
   171.92015169720662        3.8115373638056012       -6.8994965406362105       -3.0879591768306094        306.81356325511371        45948770.355130732     
   172.26676490627358        4.5678051788103122       -6.9687737158627208       -2.4009685370524085        367.69010753358361        45005187.468744017     
   172.61337811534054        4.1592870084965439       -7.0244390519202451       -2.8651520434237008        334.80602336359851        33868990.129499093     
   172.95999132440747        4.4248542472779500       -6.9238505877013186       -2.4989963404233682        356.18312741302390        43132654.665173978     
   173.30660453347443        3.8108235487312601       -6.9400509166307822       -3.1292273678995222        306.75610398722256        33435687.217610478     
