  0.34661320906694887        3.9629204557644555       -2.0112026554858367        1.9517178002786191        318.99929867555795        21435247.285178676     
  0.69322641813389774        4.1629125609039779       -2.2656141043824052        1.8972984565215727        335.09786587928681        15241050.763216741     
   1.0398396272008466        4.0015863469901358       -2.2186316092250071        1.7829547377651291        322.11174877929795        14690688.686466787     
   1.3864528362677955        4.1909419553347487       -2.2115785034684268        1.9793634518663219        337.35412039297768        14624180.926940296     
   1.7330660453347442        3.8038189603453745       -2.2249360696167693        1.5788828907286057        306.19226254565183        12294150.756730881     
   2.0796792544016931        4.1097391835102064       -2.3468118790880195        1.7629273044221871        330.81762097249072        8627559.6175311338     
   2.4262924634686422        4.2344342894929987       -2.3068337412939037        1.9276005481990950        340.85507991238052        9639370.6060361564     
   2.7729056725355909        4.0173060446540703       -2.3626614987319399        1.6546445459221302        323.37712177533990        7054484.6360154124     
   3.1195188816025397        4.5320167872233803       -2.3102467781481058        2.2217700090752750        364.80928467973331        11035244.589297205     
   3.4661320906694884        4.0852147594567638       -2.3175850152862982        1.7676297441704660        328.84350260175984        8913791.1680917405     
   3.8127452997364375        4.3905371673694322       -2.3614692512015254        2.0290679161679068        353.42073928396451        9208029.5491144061     
   4.1593585088033862        4.2635261236035245       -2.3239214766220715        1.9396046469814530        343.19685658492119        10325331.969415588     
   4.5059717178703353        4.2680367268234969       -2.3335077703402907        1.9345289564832062        343.55994216280152        10703863.104377771     
   4.8525849269372845        4.4167006518854901       -2.3054084352153419        2.1112922166701482        355.52679548789138        12328385.967302110     
   5.1991981360042328        4.0671817524848999       -2.4024710077561662        1.6647107447287339        327.39191742833839        8821614.9366858620     
   5.5458113450711819        4.2510981630441069       -2.4005835990275064        1.8505145640166010        342.19645530342314        8209084.0493101692     
   5.8924245541381302        4.1366350606085600       -2.3485465312550313        1.7880885293535289        332.98263185964061        8568677.4127112087     
   6.2390377632050793        3.9750382772661204       -2.4547785861962743        1.5202596910698460        319.97473499926303        5582956.4111574907     
   6.5856509722720284        4.3346655168648747       -2.4307343706232780        1.9039311462415964        348.92329414830090        7508366.1659464128     
   6.9322641813389767        4.0805935330621788       -2.4879922627396933        1.5926012703224854        328.47151229931774        6098130.5383875417     
   7.2788773904059259        4.1645500812200682       -2.4581433079973882        1.7064067732226798        335.22967973682711        7690019.1853023861     
   7.6254905994728750        4.0894947861906292       -2.4112889555869041        1.6782058306037249        329.18802769169179        8134115.8098656489     
   7.9721038085398241        4.3639452753233616       -2.2482081018327427        2.1157371734906190        351.28019798170004        11930382.870469294     
   8.3187170176067724        3.9248762603497460       -2.3844318527456925        1.5404444076040538        315.93689260623722        7309666.2539890902     
   8.6653302266737207        4.1138659370943351       -2.2971792291353061        1.8166867079590290        331.14980818488584        10987334.743301922     
   9.0119434357406707        4.3647108312276508       -2.3694667538549048        1.9952440773727464        351.34182218013933        9626616.6996695325     
   9.3585566448076190        3.6103823163695870       -2.2533657285124806        1.3570165878571063        290.62138383253705        9762690.6777640264     
   9.7051698538745690        3.9120376621812007       -2.3557782556917690        1.5562594064894315        314.90343663419372        8638634.0126220156     
   10.051783062941515        4.1384331474643705       -2.3584439257012950        1.7799892217630755        333.12737068353670        9295994.8973842785     
   10.398396272008466        4.3207577932648462       -2.2996863511181456        2.0210714421467006        347.80377784104593        11591884.121149555     
   10.745009481075414        4.1645326299908900       -2.2830836927545914        1.8814489372362981        335.22827498244686        11222545.813795516     
   11.091622690142364        4.0264467369995502       -2.3492941208969049        1.6771526161026455        324.11291107017064        8294833.6518075066     
   11.438235899209312        4.2820048318983028       -2.2776325253493321        2.0043723065489707        344.68431893806786        11510064.086673426     
   11.784849108276260        3.9920162934629855       -2.3370628262568545        1.6549534672061306        321.34139762097277        9233434.7853002474     
   12.131462317343209        4.6977140374488053       -2.3814652234397742        2.3162488140090316        378.14725277785465        9973171.0038946569     
   12.478075526410159        4.3179971031400823       -2.4428579713283685        1.8751391318117141        347.58155329137600        7764952.3981763171     
   12.824688735477107        4.2297354963410898       -2.4236161317598390        1.8061193645812510        340.47684579519051        8018928.8193952898     
   13.171301944544057        4.2594660330316758       -2.2819285488415093        1.9775374841901672        342.87003547926543        10373856.078314107     
   13.517915153611005        4.5365895349346852       -2.3796085406410561        2.1569809942936291        365.17737264142943        9427614.4939376488     
   13.864528362677953        4.4763888914864696       -2.3016048597361607        2.1747840317503089        360.33146083114718        11905219.365564745     
   14.211141571744902        4.5213988713629307       -2.2376650004736964        2.2837338708892339        363.95458478083606        13115862.242466802     
   14.557754780811852        4.1372023981481005       -2.3933955397722846        1.7438068583758162        333.02830026990671        7905235.3911856441     
   14.904367989878800        4.1162412564731223       -2.4860544321019931        1.6301868243711297        331.34101192576878        5925960.6075593242     
   15.250981198945750        4.4457370034222521       -2.4846490976736448        1.9610879057486070        357.86410603442295        6754033.7043438097     
   15.597594408012698        4.1470349908962314       -2.4041256799507944        1.7429093109454368        333.81978478891926        8858519.4076928906     
   15.944207617079648        4.2795590348901937       -2.4074155645302717        1.8721434703599216        344.48744202898058        10549058.480723221     
   16.290820826146597        4.3404388216692853       -2.4150282753112680        1.9254105463580171        349.38802217002245        9743673.9917236473     
   16.637434035213545        4.4067533738369198       -2.4528195659524541        1.9539338078844655        354.72607925938138        8950459.6694663744     
   16.984047244280493        3.8187650852754689       -2.5023875321421034        1.3163775531333657        307.39536602043444        5978067.1841206262     
   17.330660453347441        3.9555015523801274       -2.4151522143319815        1.5403493380481459        318.40210652826164        9842415.1029042322     
   17.677273662414393        3.7644531745671008       -2.4388593811701322        1.3255937933969688        303.02347372052787        7132774.6806147257     
   18.023886871481341        4.3008746768178199       -2.4519227647336037        1.8489519120842166        346.20326623025659        8146224.0936930189     
   18.370500080548286        4.1404109224123147       -2.4332703270920115        1.7071405953203034        333.28657368253067        7806797.2465526285     
   18.717113289615238        4.0194241549766687       -2.4688061719341854        1.5506179830424831        323.54762121255260        6529151.8867954388     
   19.063726498682186        4.2265933144321233       -2.4543905954569505        1.7722027189751730        340.22391267769297        7871447.0916830134     
   19.410339707749138        3.7842739309697722       -2.4505557567164811        1.3337181742532911        304.61896559634232        7488826.5608358178     
   19.756952916816083        4.0121360118159206       -2.4228215589387125        1.5893144528772081        322.96095474198444        8999104.1881676354     
   20.103566125883031        4.0837541826805897       -2.3814142741832884        1.7023399084973008        328.72593199380481        10377365.240513934     
   20.450179334949983        4.3912641761076818       -2.3884999598495962        2.0027642162580856        353.47926058920427        11819083.666860990     
   20.796792544016931        4.0403991735087352       -2.3331382838857309        1.7072608896230048        325.23602658836666        11429285.555466041     
   21.143405753083879        4.4529344367635755       -2.3930196155341417        2.0599148212294343        358.44347072613829        11107447.790646864     
   21.490018962150828        4.3092855700013448       -2.3069202326784124        2.0023653373229324        346.88030960186313        12168481.698749308     
   21.836632171217776        3.9543431868724399       -2.4053568145774951        1.5489863722949446        318.30886272266753        8773323.6540593673     
   22.183245380284728        4.2369561196890091       -2.4783224665454640        1.7586336531435456        341.05807718999080        7566758.5331872860     
   22.529858589351676        4.1674491427403710       -2.4355341555830252        1.7319149871573460        335.46304263222635        8776347.7100283932     
   22.876471798418624        4.3296998912401374       -2.4822758919670020        1.8474239992731354        348.52358108076447        7325265.5760301054     
   23.223085007485572        4.0685090642328054       -2.3989448308841972        1.6695642333486083        327.49876073277306        9122030.7790885586     
   23.569698216552521        4.2076066698044396       -2.2850636368540442        1.9225430329503950        338.69556347461389        13529145.431260729     
   23.916311425619472        4.0263835084106034       -2.2903050619441294        1.7360784464664745        324.10782142081854        12390696.833231777     
   24.262924634686417        4.0597996689354741       -2.4827344857090958        1.5770651832263782        326.79768913097104        6447419.3925642157     
   24.609537843753369        4.0273044080878106       -2.4952970521180240        1.5320073559697864        324.18195017370635        6750362.0150486547     
   24.956151052820317        4.0182623265248312       -2.3877721535127638        1.6304901730120673        323.45409865375927        9168071.8402529266     
   25.302764261887265        4.0840702831510995       -2.3568829081749345        1.7271873749761648        328.75137682155975        11037655.468595387     
   25.649377470954214        3.9383249657670061       -2.4062462079198426        1.5320787578471637        317.01945977963578        8594515.7052768711     
   25.995990680021162        4.1253692980492334       -2.4735337978083165        1.6518355002409166        332.07578288409701        7786661.0058474410     
   26.342603889088114        4.0181236315404156       -2.3461528966814189        1.6719707348589965        323.44293426041548        11461835.345444048     
   26.689217098155062        4.2630191068846974       -2.2997833385334410        1.9632357683512562        343.15604376025613        12766405.516528405     
   27.035830307222010        4.0823506625768324       -2.3869668655699776        1.6953837970068544        328.61295422052541        9576258.7732160017     
   27.382443516288959        4.1016391504018594       -2.3516955638693191        1.7499435865325406        330.16560059770552        9817127.8797549214     
   27.729056725355907        3.8232563093296617       -2.4497140495644025        1.3735422597652589        307.75689165272371        6620150.2733170828     
   28.075669934422855        4.4566028468006769       -2.3584311915050513        2.0981716552956255        358.73876311016465        10270074.456940429     
   28.422283143489803        3.7126521365447926       -2.4326603669582978        1.2799917695864949        298.85369666236215        6025416.4612517860     
   28.768896352556755        3.9581102793703513       -2.3583212698723410        1.5997890094980101        318.61209865139568        7780077.8554111132     
   29.115509561623703        3.9763051271591130       -2.2795648619200595        1.6967402652390537        320.07671136540586        10320090.109957293     
   29.462122770690652        4.2708786396907445       -2.3096525962655523        1.9612260434251927        343.78870481945046        10184825.623865586     
   29.808735979757600        4.2988871021891830       -2.3115550118495101        1.9873320903396734        346.04327439603287        10271098.616991736     
   30.155349188824552        4.2129826868452760       -2.3909627097091821        1.8220199771360941        339.12831141513846        7990615.0094156787     
   30.501962397891500        4.2848864069451116       -2.4392504466856488        1.8456359602594623        344.91627424205984        7694414.7224210612     
   30.848575606958448        4.3390886049479533       -2.4472593182047944        1.8918292867431588        349.27933510653662        7521101.8716089288     
   31.195188816025397        3.6191981102870412       -2.3606274418628996        1.2585706684241416        291.33102009910539        7609858.6554520987     
   31.541802025092341        4.3986488097507621       -2.4642951951127343        1.9343536146380276        354.07369415894499        7743603.1961764256     
   31.888415234159297        4.0912208686528659       -2.4645011851387939        1.6267196835140716        329.32697044894769        6866142.4257069807     
   32.235028443226241        4.0836146485868383       -2.4507973365193290        1.6328173120675096        328.71470005550458        7522977.3129823050     
   32.581641652293193        4.0921221927326172       -2.4616857518135014        1.6304364409191157        329.39952344427763        8302228.5990735535     
   32.928254861360138        4.0447019746179045       -2.3872167326722926        1.6574852419456119        325.58238492472151        9848712.6279870495     
   33.274868070427090        4.1199480395090644       -2.4974183512405772        1.6225296882684870        331.63939318322952        7361324.8597512003     
   33.621481279494041        3.9501228988291888       -2.5093193913714451        1.4408035074577439        317.96914635918421        5800626.2662629467     
   33.968094488560986        4.0481163746114701       -2.4666497612565497        1.5814666133549207        325.85723051284350        6404523.0720044021     
   34.314707697627938        4.3346387417332206       -2.3373497568111330        1.9972889849220878        348.92113885694073        10553709.946264291     
   34.661320906694883        4.3790714398817547       -2.3994263131904656        1.9796451266912893        352.49779392884045        9015035.9044500552     
   35.007934115761834        3.9226920844618434       -2.4673076695472740        1.4553844149145696        315.76107515438514        6202703.7888097409     
   35.354547324828786        4.1182583050651047       -2.4616756750089714        1.6565826300561328        331.50337629654507        8204666.6990374662     
   35.701160533895731        3.9833993875029448       -2.5408114639152233        1.4425879235877213        320.64777104211782        5908974.8485555248     
   36.047773742962683        4.3786142051858503       -2.5209862586132603        1.8576279465725896        352.46098835856674        7970539.1623223517     
   36.394386952029627        3.7946983186625891       -2.4214056333992193        1.3732926852633698        305.45808724923688        7695172.7525225943     
   36.741000161096572        3.9466193441016295       -2.5359116009386820        1.4107077431629478        317.68712417038728        6074203.6411375450     
   37.087613370163531        4.0182533073651356       -2.5181982723107357        1.5000550350544004        323.45337264735832        7555838.2263694946     
   37.434226579230476        4.2819484962274670       -2.4490727046393848        1.8328757915880820        344.67978414114532        9675422.6898798514     
   37.780839788297428        4.5501003993938873       -2.6034124770043712        1.9466879223895159        366.26494336990993        6363966.7892252905     
   38.127452997364372        4.7431829980718669       -2.5481618449171259        2.1950211531547410        381.80732284793766        8630950.6347139236     
   38.474066206431317        4.2249483585128251       -2.5287845527330224        1.6961638057798027        340.09150028373608        8085733.3636101205     
   38.820679415498276        4.0508748315185814       -2.5090639479158261        1.5418108836027553        326.07927529739510        7839235.0560400328     
   39.167292624565221        3.8716004323762965       -2.4664128790437543        1.4051875533325417        311.64840083619191        8828347.8687366564     
   39.513905833632165        3.8491346622528240       -2.4587063705994789        1.3904282916533452        309.83999590008739        8108089.5120686386     
   39.860519042699117        3.6217546504404083       -2.4311659411510762        1.1905887092893324        291.53681138991317        8863937.3894131035     
   40.207132251766062        3.8136594506824602       -2.4792974789005440        1.3343619717819164        306.98438278909197        7282426.0168699967     
   40.553745460833021        4.4922905477972295       -2.3602701038027543        2.1320204439944757        361.61148077288834        12019524.921374662     
   40.900358669899965        4.1780935832313801       -2.4388439463582232        1.7392496368731569        336.31987765814426        7940187.5467270697     
   41.246971878966910        4.7014940769807811       -2.4259285098935282        2.2755655670872534        378.45153089121226        8945134.5733083617     
   41.593585088033862        3.9186063054491456       -2.4713687854775408        1.4472375199716050        315.43218623164688        6114364.9245455731     
   41.940198297100807        4.2849144685623139       -2.4628203088373222        1.8220941597249916        344.91853309037822        8073512.9725839524     
   42.286811506167759        4.0955028826631938       -2.4731051598687772        1.6223977227944166        329.67165550671274        7053302.6879662871     
   42.633424715234710        4.4359247782011666       -2.5071595204045445        1.9287652577966221        357.07426102014318        7899999.3793355851     
   42.980037924301655        3.9802801036352817       -2.4171653802064097        1.5631147234288718        320.39668112566312        8265991.7206445420     
   43.326651133368607        3.7854245920814762       -2.3216761115924385        1.4637484804890377        304.71158922877305        9915472.9557302576     
   43.673264342435552        4.3586695973301204       -2.4602570234618346        1.8984125738682862        350.85552693450961        9044122.8328001890     
   44.019877551502503        4.4030398526312950       -2.4838871411705101        1.9191527114607849        354.42715560612260        7615072.9123831196     
   44.366490760569455        4.2993409282789354       -2.5376737807963652        1.7616671474825705        346.07980558709954        5820346.2568117501     
   44.713103969636400        3.9287451950741050       -2.5099775412698380        1.4187676538042668        316.24832642820473        7242517.3625183590     
   45.059717178703352        4.2047289002145032       -2.5137132044702066        1.6910156957442968        338.46391449472986        8434788.1013249196     
   45.406330387770296        4.0011966165088628       -2.5298041657190988        1.4713924507897640        322.08037702919944        6957514.1971534891     
   45.752943596837248        4.2600172673745345       -2.5245416950961643        1.7354755722783695        342.91440764639327        8278343.0570570147     
   46.099556805904200        4.2243662528011194       -2.5826271225656265        1.6417391302354931        340.04464309448338        6239431.3016080838     
   46.446170014971145        3.8631232222400236       -2.4252632747430258        1.4378599474969977        310.96601921425884        9360199.8870792333     
   46.792783224038089        4.5792083950441622       -2.4685623007251301        2.1106460943190326        368.60802098197314        11268911.429291662     
   47.139396433105041        4.6082965970775760       -2.4838386970771755        2.1244579000004009        370.94950528678544        11011313.066503935     
   47.486009642171993        3.9639040657964708       -2.5312722220297723        1.4326318437666985        319.07847536201569        7116954.6914909529     
   47.832622851238945        4.2505070000979481       -2.5097004894755650        1.7408065106223833        342.14886904290324        9093753.7267905250     
   48.179236060305890        4.3304141984084392       -2.4076773698250422        1.9227368285833972        348.58107996025768        12445960.837585218     
   48.525849269372834        3.8135537274417541       -2.4585226510573115        1.3550310763844426        306.97587248967631        9226336.4803057928     
   48.872462478439786        4.1261184119471439       -2.3962592595079668        1.7298591524391771        332.13608356656823        10799423.752877891     
   49.219075687506738        4.4663080654455358       -2.4452860380175068        2.0210220274280295        359.51999452163534        11145956.136361463     
   49.565688896573683        4.1346592842395706       -2.4310434518498765        1.7036158323896944        332.82358973828525        11153566.463957861     
   49.912302105640634        4.1088688042090125       -2.4562665741189078        1.6526022300901051        330.74755890847467        9976348.9007982314     
   50.258915314707579        4.2623609265965881       -2.4554706114420006        1.8068903151545872        343.10306287087104        10223049.689869361     
   50.605528523774531        3.9496116668152208       -2.5451724982376942        1.4044391685775268        317.92799422006442        6095686.1721478142     
   50.952141732841483        3.8000625088964584       -2.4542345606735858        1.3458279482228723        305.88988317894768        8229110.5130478945     
   51.298754941908427        4.0573813682701561       -2.5551256233004449        1.5022557449697105        326.60302556786542        6655138.1931695035     
   51.645368150975379        4.5382559028301666       -2.5066841098238011        2.0315717930063655        365.31150861411112        10399795.756160295     
   51.991981360042324        3.9985606502344053       -2.4199062736751773        1.5786543765592280        321.86819225227276        11853856.322537761     
   52.338594569109276        4.2032076033944561       -2.5184127024416481        1.6847949009528078        338.34145616530094        8995220.8193239644     
   52.685207778176228        3.9924754112449024       -2.5609905333831353        1.4314848778617673        321.37835477216362        8436986.4888062384     
   53.031820987243172        4.2363386362014603       -2.4786241550513686        1.7577144811500913        341.00837223081470        11329190.805976650     
   53.378434196310124        4.0503550718591139       -2.6142344488640394        1.4361206229950749        326.03743671680775        7194761.2148387749     
   53.725047405377069        4.2392238492406698       -2.5412384696127392        1.6979853796279307        341.24062037869226        9570642.8819912840     
   54.071660614444021        4.3626184066964697       -2.4987742148913989        1.8638441918050710        351.17339034674052        11681617.595051149     
   54.418273823510972        3.9209798208801305       -2.4378489986607392        1.4831308222193913        315.62324476192305        12026047.580712944     
   54.764887032577917        3.9819993936457774       -2.5075381887209511        1.4744612049248262        320.53507711763172        9157064.4479064159     
   55.111500241644869        4.1557433290686765       -2.4987077618188183        1.6570355672498580        334.52077129638224        9057251.2030512374     
   55.458113450711814        4.2101877469198401       -2.4633025834991678        1.7468851634206721        338.90332989304972        10085886.241235847     
   55.804726659778765        4.2383575044591701       -2.4719642926700547        1.7663932117891152        341.17088307742807        10474915.271607799     
   56.151339868845710        4.0559332530228493       -2.4667722587282790        1.5891609942945704        326.48645806330700        9111538.7795203682     
   56.497953077912662        3.5512424301433576       -2.4693588280840699        1.0818836020592877        285.86085874996127        8333415.7659196770     
   56.844566286979607        3.9891478501574968       -2.4815799732714146        1.5075678768860825        321.11049936980788        9447768.4756129216     
   57.191179496046558        3.9518738085807739       -2.4674047587840122        1.4844690497967616        318.11008761425967        8600550.3218200020     
   57.537792705113510        4.3246377817282333       -2.4473211155329473        1.8773166661952865        348.11610144494000        10749474.688239222     
   57.884405914180455        4.8597995518514780       -2.5422592136708442        2.3175403381806339        391.19449054027541        8774602.1085640211     
   58.231019123247407        4.0478863044680606       -2.4930916096349227        1.5547946948331384        325.83871078346391        7662106.6685541701     
   58.577632332314352        4.0946441043294861       -2.5255857189629238        1.5690583853665625        329.60252727433249        6711941.3646462318     
   58.924245541381303        4.4092720107558794       -2.5034524733143231        1.9058195374415559        354.92881949091890        8081911.3231433509     
   59.270858750448255        3.9613342857632601       -2.4914579354582940        1.4698763503049661        318.87161831366080        7334470.8893184476     
   59.617471959515200        4.2321480153812727       -2.4589257238809767        1.7732222915002964        340.67104396052088        8499149.6954559106     
   59.964085168582152        4.2792913194642335       -2.5480978745580876        1.7311934449061457        344.46589200442691        7078877.0411080243     
   60.310698377649103        4.0138658388883206       -2.5151748972338588        1.4986909416544616        323.10019892543073        6799904.0668416480     
   60.657311586716048        4.2952217561320509       -2.4550299516590748        1.8401918044729761        345.74822865017950        9429285.7892747987     
   61.003924795783000        4.0171451559584206       -2.4485042170079763        1.5686409389504441        323.36417087671606        9258161.9499580953     
   61.350538004849945        3.8656696430972741       -2.3555334274940400        1.5101362156032339        311.17099594206928        11221500.667890722     
   61.697151213916896        4.5426340019142151       -2.5202885197945957        2.0223454821196194        365.66392813727163        8297998.8234880259     
   62.043764422983848        3.7375864863664323       -2.4639641363520570        1.2736223500143751        300.86081242328140        7382810.0189155331     
   62.390377632050793        3.7397867700859226       -2.5061409056887718        1.2336458643971508        301.03792649136307        6432356.5264543323     
   62.736990841117745        3.6959212374196948       -2.4911937890817009        1.2047274483379937        297.50692597980799        8181625.8393381182     
   63.083604050184682        4.2376110023655178       -2.4829763267736129        1.7546346755919051        341.11079263478791        10442356.707356181     
   63.430217259251641        4.1549748360753407       -2.4649426972588295        1.6900321388165114        334.45891067398321        11091465.745395685     
   63.776830468318593        4.2860287481780004       -2.3812349546749125        1.9047937935030881        345.00822815741282        13207354.497021588     
   64.123443677385538        3.9701085717532241       -2.5436142660721610        1.4264943056810631        319.57791335753575        7357206.1326844636     
   64.470056886452483        4.1952633369376580       -2.4587541363859224        1.7365092005517353        337.70197438500833        10286416.433956759     
   64.816670095519427        4.4085176556097343       -2.5506973656868586        1.8578202899228755        354.86809690885889        7437200.1850933265     
   65.163283304586386        4.1200864677160620       -2.4512215964964263        1.6688648712196354        331.65053610205467        8036567.4895213544     
   65.509896513653331        3.9603022187628305       -2.4333832855470279        1.5269189332158022        318.78854103441728        9377905.4998837076     
   65.856509722720276        4.4679409680086994       -2.4850300872153617        1.9829108807933382        359.65143666847359        10161276.194131853     
   66.203122931787235        4.0736336514563494       -2.5173357007848520        1.5562979506714976        327.91126957531981        8308643.2861653222     
   66.549736140854179        4.1303705288515413       -2.4669242187938307        1.6634463100577108        332.47836202648944        9298004.8479119614     
   66.896349349921124        4.1828548095145548       -2.5256350907574494        1.6572197187571052        336.70313739351417        8081100.8781272350     
   67.242962558988083        4.3193966143115317       -2.4325561878470028        1.8868404264645291        347.69420836158605        10392940.818106234     
   67.589575768055028        4.2240293591596823       -2.4966385883054749        1.7273907708542069        340.01752449935981        8000971.6518445909     
   67.936188977121972        4.5683328727151302       -2.4684427386084797        2.0998901341066509        367.73258478929228        9531473.5783884898     
   68.282802186188917        4.5760370531045140       -2.4305546245223155        2.1454824285821981        368.35274059825088        9451696.6433987077     
   68.629415395255876        4.3198047840690981       -2.4909331741984957        1.8288716098706026        347.72706439991879        7390752.9026909946     
   68.976028604322821        4.1137337219404753       -2.4484583668522881        1.6652753550881874        331.13916539207020        7448045.6128013879     
   69.322641813389765        4.1070298455689933       -2.5089486139707855        1.5980812315982076        330.59953006888327        6553889.8002920812     
   69.669255022456724        3.8584345693124211       -2.4508935963458911        1.4075409729665300        310.58860134470189        7903709.7540084347     
   70.015868231523669        4.2302477021137541       -2.4952210717846217        1.7350266303291320        340.51807631800347        9002761.8953619581     
   70.362481440590614        4.3190568618405187       -2.4178376960483852        1.9012191657921336        347.66685964207824        11289435.281528343     
   70.709094649657573        4.2253566161548450       -2.4810127012557270        1.7443439148991180        340.12436339641698        9772924.1024329141     
   71.055707858724517        4.0910755267960139       -2.5097262179153166        1.5813493088806971        329.31527100887018        9215820.3043354601     
   71.402321067791462        4.0807776737863790       -2.4821627458486963        1.5986149279376825        328.48633489354665        9235504.0288885180     
   71.748934276858407        4.4762449227994843       -2.5032086974643302        1.9730362253351534        360.31987192576992        9570542.1603466813     
   72.095547485925366        3.9738429798367059       -2.4754824045125878        1.4983605753241180        319.87851832119748        8720656.7768893037     
   72.442160694992310        3.8524972076967217       -2.4338236542154985        1.4186735534812231        310.11066740367710        9631651.0494860914     
   72.788773904059255        4.7290457285190470       -2.4878067473872592        2.2412389811317879        380.66932900655814        10420221.750600059     
   73.135387113126214        4.2508415599127929       -2.4269079631888650        1.8239335967239279        342.17579977428983        10597714.818893634     
   73.482000322193144        4.1630610575449403       -2.4869456964928158        1.6761153610521247        335.10981926690880        8573200.2790928483     
   73.828613531260103        3.8818122011649976       -2.5093826112300941        1.3724295899349033        312.47040751490130        6203289.3155365232     
   74.175226740327062        3.9584894232220393       -2.5056105885713582        1.4528788346506809        318.64261822001578        6490119.6124723908     
   74.521839949393993        4.1390144082777418       -2.4873999708050798        1.6516144374726618        333.17415986184164        8265538.0190130072     
   74.868453158460952        4.2337360758546199       -2.5215959766725544        1.7121400991820659        340.79887649788998        8001108.0444770092     
   75.215066367527896        3.9504408291508248       -2.5677168217025890        1.3827240074482361        317.99473848266024        5668429.3596822517     
   75.561679576594855        3.9580015820586598       -2.4975533826813234        1.4604481993773364        318.60334895112169        6799796.6313823396     
   75.908292785661800        4.1683884900741308       -2.4102030862478676        1.7581854038262630        335.53865634792595        9776014.1755060703     
   76.254905994728745        4.1597987646986105       -2.4470204731306402        1.7127782915679706        334.84721769777065        7708116.7388537135     
   76.601519203795704        4.6437980284220499       -2.4739038914709246        2.1698941369511249        373.80722898507264        8405287.0981887281     
   76.948132412862634        4.5661738220230594       -2.4344835073437148        2.1316903146793442        367.55878981554412        8918866.6482591107     
   77.294745621929593        4.1877192552156899       -2.4058971815354044        1.7818220736802852        337.09470588055012        8873246.6882815342     
   77.641358830996552        4.0845953112386759       -2.3281906333113223        1.7564046779273537        328.79363948960759        10581364.131356537     
   77.987972040063482        3.7534407605627438       -2.4143254857898002        1.3391152747729436        302.13701829369614        6965652.8368594535     
   78.334585249130441        3.8977616013947736       -2.3753802428929665        1.5223813585018071        313.75427065179417        8098090.6685567489     
   78.681198458197386        4.5027719363781191       -2.3326855491288612        2.1700863872492580        362.45519077004110        11302829.548445338     
   79.027811667264331        3.9300335469652832       -2.3363493177970840        1.5936842291681994        316.35203361948470        7653988.5351728993     
   79.374424876331290        3.9420543676267603       -2.2960290209644545        1.6460253466623056        317.31966176224438        8979330.4035078920     
   79.721038085398234        3.9750602628683129       -2.3577116618499199        1.6173486010183931        319.97650475259485        7268010.8445412619     
   80.067651294465179        4.1019608828085552       -2.3906181558898365        1.7113427269187185        330.19149877387201        6581710.9693360627     
   80.414264503532124        4.3171352985977398       -2.3730619953315366        1.9440733032662030        347.51218146126445        8275275.2969726073     
   80.760877712599083        4.0920061791007631       -2.3312614784604944        1.7607447006402688        329.39018480939677        10158116.130402248     
   81.107490921666042        3.9538871673572697       -2.5014588390525505        1.4524283283047195        318.27215496959872        5148946.8643994676     
   81.454104130732972        4.4159468051090709       -2.4601242055697856        1.9558225995392857        355.46611382756765        8312772.0554597164     
   81.800717339799931        4.1075314630443351       -2.4094949675914994        1.6980364954528357        330.63990827597166        8979826.3025680594     
   82.147330548866876        4.0780216253705053       -2.4542392007561449        1.6237824246143606        328.26448398293837        7950494.9146891003     
   82.493943757933820        4.3395276941822907       -2.3947156927412601        1.9448120014410308        349.31468003949027        11027442.962975584     
   82.840556967000779        4.0773467683894777       -2.4532092667359695        1.6241375016535085        328.21016068625431        7956346.7968751397     
   83.187170176067724        4.0936081905081059       -2.5013893726329126        1.5922188178751933        329.51914034133767        6024728.0794371292     
   83.533783385134669        4.2403124260039657       -2.5073950704888839        1.7329173555150814        341.32824646857273        6004770.8476507254     
   83.880396594201613        4.0879115212824475       -2.5076357485036085        1.5802757727788392        329.06058117820123        4947746.0774730965     
   84.227009803268572        3.8160778237636288       -2.5624971665423075        1.2535806572213213        307.17905218138486        2864642.8171076709     
   84.573623012335517        4.1842469169508458       -2.5414227539299445        1.6428241630209011        336.81519649255864        4672374.2728011319     
   84.920236221402462        4.1265800725517670       -2.4820515364264946        1.6445285361252726        332.17324540485004        6324153.7362172715     
   85.266849430469421        3.9369868912445236       -2.4211657114624172        1.5158211797821064        316.91175011475298        7188362.2030760245     
   85.613462639536365        3.7653548852701251       -2.3136003360884976        1.4517545491816277        303.09605783749004        8910409.7953977529     
   85.960075848603310        4.1537785624446979       -2.3878637136973704        1.7659148487473280        334.36261541561038        8999981.6522322930     
   86.306689057670269        4.1427345069652537       -2.3862695858850422        1.7564649210802119        333.47361297617152        8276938.2681668177     
   86.653302266737214        3.9813408199099563       -2.3182586378772689        1.6630821820326873        320.48206455727421        9127145.1191782467     
   86.999915475804158        4.2941329144705946       -2.3926026237373992        1.9015302907331959        345.66058123705318        8055198.3684314257     
   87.346528684871103        4.1433775644909066       -2.3846954955657611        1.7586820689251454        333.52537654346514        8182103.4492688980     
   87.693141893938062        3.9964386465103034       -2.4220431380641818        1.5743955084461219        321.69737941175998        7764370.5453295326     
   88.039755103005007        4.0378006970448634       -2.4036318334026223        1.6341688636422409        325.02685959174062        8170456.1902135713     
   88.386368312071951        3.9483522246109799       -2.3535210650877634        1.5948311595232167        317.82661414333569        9462433.8796894550     
   88.732981521138910        4.3497189172819724       -2.3731008319986757        1.9766180852832964        350.13503287213814        9864662.2484462671     
   89.079594730205855        3.9857373144312231       -2.4667814115377187        1.5189559028935047        320.83596483979818        6208471.5624027103     
   89.426207939272800        4.2707654042532246       -2.3903101461391012        1.8804552581141232        343.77958981813828        9682168.0785364341     
   89.772821148339759        3.8740948009517839       -2.4198859824141961        1.4542088185375879        311.84918756282468        7718954.4771014182     
   90.119434357406703        3.9490674820050637       -2.4643448668056473        1.4847226151994166        317.88418951221632        6268259.2195308469     
   90.466047566473648        4.0267415327641851       -2.4424158341886906        1.5843256985754950        324.13664095403306        7389897.0107673435     
   90.812660775540593        3.9848893766700062       -2.4732362464527111        1.5116531302172951        320.76770923028801        6694834.2585497210     
   91.159273984607552        4.1928048263730631       -2.3240805275026117        1.8687242988704513        337.50407408530600        11708804.206935003     
   91.505887193674496        3.9786983442933708       -2.3835961854266814        1.5951021588666894        320.26935580425550        9259448.0819460023     
   91.852500402741441        4.1613172454487177       -2.3939543753398591        1.7673628701088582        334.96944934479546        9372067.4062844403     
   92.199113611808400        4.2269126155939514       -2.3565456093999457        1.8703670061940061        340.24961514833961        9415328.5154588353     
   92.545726820875331        4.4534751859448143       -2.4436621961153904        2.0098129898294239        358.48699887955445        6759599.6062063593     
   92.892340029942289        4.2433252951346079       -2.4652330561763791        1.7780922389582290        341.57077042291507        5463602.9920964530     
   93.238953239009248        3.9407272573121279       -2.4946107776139894        1.4461164796981387        317.21283467238521        3964593.1694879630     
   93.585566448076179        3.8302733335290990       -2.4296014158962009        1.4006719176328983        308.32173412771056        5634300.1415421143     
   93.932179657143138        4.2060735622173215       -2.4957885918465736        1.7102849703707477        338.57215442551893        5878570.9611045783     
   94.278792866210082        4.2220760964532262       -2.5329593670613972        1.6891167293918288        339.86029463808865        3294007.5574721987     
   94.625406075277041        4.2361196032806205       -2.4542590865567511        1.7818605167238692        340.99074095385248        5062307.9087503990     
   94.972019284343986        4.0543558494329419       -2.2706304676914471        1.7837253817414949        326.35948336257155        9807978.6228453983     
   95.318632493410931        4.0113889440142261       -2.4605466407665326        1.5508423032476935        322.90081876210195        4432099.3352796361     
   95.665245702477890        3.9053861010457274       -2.4654878263440820        1.4398982747016451        314.36801247895306        4743758.4409294641     
   96.011858911544820        4.3454337977188553       -2.4752402516438470        1.8701935460750088        349.79009782975373        6090503.8793145856     
   96.358472120611779        4.1188892846414200       -2.3581254589727512        1.7607638256686684        331.55416763706529        9495687.2291741446     
   96.705085329678738        4.4643158512344998       -2.4807542013731885        1.9835616498613113        359.35962921952398        7150852.3224196415     
   97.051698538745669        4.1197434780077566       -2.5264182884942632        1.5933251895134939        331.62292679784997        5183308.6247128127     
   97.398311747812627        4.2511837029653883       -2.5156587713300600        1.7355249316353281        342.20334092608499        6455468.4357021041     
   97.744924956879572        3.9801813399562862       -2.4417892282912650        1.5383921116650210        320.38873104322118        7210147.5466423454     
   98.091538165946517        4.5286468943023754       -2.4509770609092580        2.0776698333931169        364.53802173352688        8713367.9496276863     
   98.438151375013476        4.1740107981586423       -2.4352647187090377        1.7387460794496041        335.99122973563755        8107118.2507807668     
   98.784764584080420        3.9297116899013456       -2.4667732511420337        1.4629384387593118        316.32612540890722        5400873.0700459424     
   99.131377793147365        3.9969934407797272       -2.3996377275636260        1.5973557132161011        321.74203813878489        8454356.6515569389     
   99.477991002214310        3.7882882597602614       -2.3660631334497215        1.4222251263105399        304.94210306102610        9800461.5975684673     
   99.824604211281269        4.3323103799063372       -2.4254565689628782        1.9068538109434587        348.73371501179173        9271174.2880732175     
   100.17121742034823        4.0107936755072675       -2.5027525690833170        1.5080411064239509        322.85290202030433        7704056.7281658826     
   100.51783062941516        4.1439320487459161       -2.4802092703301968        1.6637227784157194        333.57001031556553        7699673.3711154982     
   100.86444383848212        4.4457973100865313       -2.5159848500886590        1.9298124599978725        357.86896048048754        6939595.2778273877     
   101.21105704754906        4.2782675760214639       -2.5310748470885081        1.7471927289329561        344.38348473839363        6145616.2187371310     
   101.55767025661601        4.4878655844235675       -2.5130943401140127        1.9747712443095551        361.25528886123641        6940205.3402812397     
   101.90428346568297        4.2724946909139447       -2.4518139827227206        1.8206807081912240        343.91879050059867        8251222.7131764581     
   102.25089667474991        4.2257164631812003       -2.4300330259049225        1.7956834372762775        340.15332964752378        9685764.4569839016     
   102.59750988381685        3.2918655175662783       -2.4221475707771556       0.86971794678912262        264.98205128251266        6828232.7172116553     
   102.94412309288380        4.2268871609866023       -2.4652665839471091        1.7616205770394930        340.24756615392170        8784624.3630657624     
   103.29073630195076        4.0209113359696422       -2.4696548635247497        1.5512564724448927        323.66733335390330        7767899.7997817770     
   103.63734951101770        3.8778123343760940       -2.4658194906358828        1.4119928437402109        312.14843418369310        6977991.5499365376     
   103.98396272008465        4.1558994790314241       -2.5073735542546207        1.6485259247768034        334.53334074589822        7407555.1923661074     
   104.33057592915161        3.9473946704050413       -2.4852545716614345        1.4621400987436068        317.74953484700660        6712055.5347084478     
   104.67718913821855        4.0871104357612209       -2.5656984407122589        1.5214119950489624        328.99609698723577        4521319.6199498018     
   105.02380234728550        4.0984906823640168       -2.4957388566271592        1.6027518257368578        329.91216147189289        5787496.9557727184     
   105.37041555635246        4.1027373455868155       -2.5222337252105014        1.5805036203763139        330.25400093218616        4450489.6457849871     
   105.71702876541940        3.8497186533958354       -2.5119836726553162        1.3377349807405192        309.88700485904400        4987997.6927281404     
   106.06364197448634        4.0656460037790412       -2.4417741712715215        1.6238718325075197        327.26829577971353        7703469.2499645390     
   106.41025518355329        4.0468909379090299       -2.4813080925376210        1.5655828453714091        325.75858774344829        6406532.2260945691     
   106.75686839262025        4.1536544062778304       -2.4636545820075684        1.6899998242702616        334.35262133912073        7359100.8588745827     
   107.10348160168719        4.2892975808552940       -2.4445753096297973        1.8447222712254967        345.27135615687274        8335289.0985617936     
   107.45009481075414        4.2986162354005666       -2.3528811099542808        1.9457351254462862        346.02147069934813        11601860.214844456     
   107.79670801982110        4.4590171160234275       -2.3891603323456567        2.0698567836777708        358.93310215821481        10865844.265557712     
   108.14332122888804        4.1515907527575395       -2.3662150351681133        1.7853757175894260        334.18650545740411        10388441.801208481     
   108.48993443795499        4.5691423511550822       -2.3738667884197193        2.1952755627353628        367.79774457675711        11583922.280987034     
   108.83654764702194        4.3256545132406599       -2.4091285191743741        1.9165259940662860        348.19794427853350        8992249.3648628965     
   109.18316085608889        4.2784692040332555       -2.3853547565366613        1.8931144474965944        344.39971498956135        10170932.232044380     
   109.52977406515583        3.9098570951874549       -2.3613954932106185        1.5484616019768365        314.72790968393451        9795384.1510821432     
   109.87638727422278        4.1652944401208893       -2.3713505236146095        1.7939439165062805        335.28959766098825        10713103.138831027     
   110.22300048328974        4.0429578778535156       -2.4011239079170328        1.6418339699364828        325.44199208795561        10418634.039503027     
   110.56961369235668        4.2087508395882010       -2.4084512705754846        1.8002995690127166        338.78766458102263        9493321.4641240202     
   110.91622690142363        3.9352427792526035       -2.4967720659292723        1.4384707133233310        316.77135605223145        6642629.3945355415     
   111.26284011049059        4.1918671415677329       -2.3808305461086468        1.8110365954590857        337.42859419651739        10097308.207664063     
   111.60945331955753        4.1845140702663928       -2.3700521876576484        1.8144618826087446        336.83670126946492        10126085.611033510     
   111.95606652862446        4.2277484397488490       -2.3886411150185851        1.8391073247302638        340.31689566083151        9629572.9680934157     
   112.30267973769142        3.8424204799473785       -2.4481802132421784        1.3942402667052001        309.29953099030058        6613694.9843419893     
   112.64929294675837        4.1119808641542201       -2.5212608920455049        1.5907199721087151        330.99806732796947        5365813.1870968994     
   112.99590615582532        4.0577745825079186       -2.3669288376212454        1.6908457448866734        326.63467774647359        8791939.5951700602     
   113.34251936489228        4.2926580253165216       -2.3825606235019752        1.9100974018145462        345.54185853973297        9432041.3387489673     
   113.68913257395921        4.5212434553568954       -2.4193712287859355        2.1018722265709600        363.94207441190952        9717072.7027229965     
   114.03574578302616        3.9672433880516715       -2.4335479541422242        1.5336954339094471        319.34727749149351        7642991.1468425319     
   114.38235899209312        3.9688136623920154       -2.3930850954973168        1.5757285668946983        319.47367831605948        9817140.4421110377     
   114.72897220116008        3.8527536589761584       -2.3652251771186186        1.4875284818575398        310.13131070933963        9427036.6860414334     
   115.07558541022702        3.9474787704329906       -2.4114454820039830        1.5360332884290078        317.75630456399540        9120664.1140872724     
   115.42219861929395        4.2399753404439737       -2.4192045378087061        1.8207708026352676        341.30111242477062        9592973.0955953766     
   115.76881182836091        3.9620136901065326       -2.3358199234894692        1.6261937666170632        318.92630765487780        11028977.137684003     
   116.11542503742785        4.2652842444060042       -2.4046475489780983        1.8606366954279061        343.33837830084724        10448215.228587734     
   116.46203824649481        3.9901671063454494       -2.4714502167988810        1.5187168895465681        321.19254542971674        7448115.5954318848     
   116.80865145556177        3.8487572485122379       -2.3323662829059306        1.5163909656063073        309.80961559851397        11032306.418078348     
   117.15526466462870        4.3364816522849301       -2.4230201631091401        1.9134614891757906        349.06948580966895        9561820.5374889318     
   117.50187787369565        4.3899740163243903       -2.4659763298965145        1.9239976864278761        353.37540786981634        9009321.7336346116     
   117.84849108276261        4.3443334867256320       -2.3390648169791231        2.0052686697465094        349.70152718114213        12756549.462509800     
   118.19510429182955        4.2340555851631159       -2.3424018594007974        1.8916537257623187        340.82459572351365        11962533.403111927     
   118.54171750089651        4.3048851207522549       -2.3651261080294201        1.9397590127228350        346.52609097951478        11495337.719025847     
   118.88833070996347        4.2157894604793720       -2.4283170852803324        1.7874723751990393        339.35424550359971        8746446.0014556423     
   119.23494391903040        4.6636940948823558       -2.3824622804707549        2.2812318144116004        375.40878302030637        10855068.309266757     
   119.58155712809734        4.1607018225447705       -2.4604734078724304        1.7002284146723399        334.91991025438489        6923547.4187925532     
   119.92817033716430        3.6580507146509200       -2.5422858209521708        1.1157648936987492        294.45849986614644        3958978.9680595747     
   120.27478354623126        3.8448560688781304       -2.5316909708107205        1.3131650980674099        309.49558618985469        4672139.3004585132     
   120.62139675529821        4.3250505941519846       -2.3898107419179127        1.9352398522340717        348.14933119939280        11479743.307078695     
   120.96800996436514        3.9283834905266470       -2.4126586229079408        1.5157248676187063        316.21921065405417        9975468.1020878721     
   121.31462317343210        3.6784024207087036       -2.3963780220307798        1.2820243986779238        296.09673107258931        9520150.3805678729     
   121.66123638249904        4.2774807508654709       -2.3731683036537197        1.9043124472117510        344.32014844998105        13049365.213143006     
   122.00784959156600        4.0960032379356797       -2.4572849990025931        1.6387182389330868        329.71193211150290        9676307.0372579638     
   122.35446280063296        3.8781248280254146       -2.4450851448469151        1.4330396831784997        312.17358867672078        9004763.2226776332     
   122.70107600969989        4.6399041951645019       -2.5542406273860863        2.0856635677784152        373.49379093044035        7589909.9269995829     
   123.04768921876683        4.4987870083826733       -2.4880144692954720        2.0107725390872013        362.13441995215328        9674587.6650268137     
   123.39430242783379        4.0084992017593617       -2.5277894463688049        1.4807097553905570        322.66820603041975        7280429.1085680090     
   123.74091563690074        4.0823627999037155       -2.4964573091817717        1.5859054907219436        328.61393122695455        9411350.6069481224     
   124.08752884596770        4.0183143784555702       -2.5735466359574577        1.4447677424981125        323.45828862668094        6553665.3863894055     
   124.43414205503463        4.2074474793328269       -2.4739334501665944        1.7335140291662330        338.68274927625515        9049641.7253339235     
   124.78075526410159        4.1456954026651092       -2.3799843011956501        1.7657111014694593        333.71195327652538        11675917.475699702     
   125.12736847316853        4.2509967567225235       -2.4804770113945072        1.7705197453280164        342.18829249878763        10342738.330450043     
   125.47398168223549        4.0451728932556144       -2.5760659461771853        1.4691069470784286        325.62029199776003        6023599.5802798970     
   125.82059489130245        4.6959425809904687       -2.5622565697606619        2.1336860112298064        378.00465759479420        8593507.7791642379     
   126.16720810036936        4.1065979309806178       -2.5361075564339988        1.5704903745466190        330.56476266632814        8486669.1998483315     
   126.51382130943632        3.8496402513985926       -2.5126739881482631        1.3369662632503296        309.88069381081220        7992697.1646211836     
   126.86043451850328        4.3021690655797000       -2.5070114877831617        1.7951575777965381        346.30745936556224        9726009.9702781010     
   127.20704772757023        4.3554158094999691       -2.5699316461782922        1.7854841633216774        350.59360998526887        7382384.8156094998     
   127.55366093663719        4.4123184853232544       -2.5016975182152921        1.9106209671079626        355.17404854895165        9080795.6788573004     
   127.90027414570412        4.1561320577409653       -2.5069545359360754        1.6491775218048903        334.55206240485120        6535806.3641159972     
   128.24688735477108        3.8314491205037631       -2.4343974745158352        1.3970516459879274        308.41638029194633        7191569.7874207105     
   128.59350056383803        4.0229484645409572       -2.3934455114491091        1.6295029530918486        323.83131408296805        8024385.1512875771     
   128.94011377290497        3.7800588596894875       -2.4373261508122135        1.3427327088772743        304.27966916148142        5909346.8973960364     
   129.28672698197192        4.1485400708693794       -2.4333230943937649        1.7152169764756147        333.94093772682061        7005296.0551746860     
   129.63334019103885        3.8988164786369977       -2.4250505769240664        1.4737659017129310        313.83918406457002        6893204.5474718893     
   129.97995340010581        4.3739059120237362       -2.5041616742924910        1.8697442377312450        352.08198952842656        5972561.7134601530     
   130.32656660917277        4.3896627175959928       -2.5207670637348754        1.8688956538611179        353.35034956315945        5331816.2670882270     
   130.67317981823973        4.0684404871009949       -2.5256332174427363        1.5428072696582584        327.49324054704215        4908653.9722112622     
   131.01979302730666        4.3300417091225327       -2.5457424292611051        1.7842992798614277        348.55109605765483        5338041.4353310652     
   131.36640623637359        3.9319568578996029       -2.4958979674428137        1.4360588904567895        316.50685248250039        4863150.1364660366     
   131.71301944544055        4.2311855778996881       -2.4219180555012594        1.8092675223984285        340.59357157996931        7712797.9008091837     
   132.05963265450751        4.1168511131143424       -2.3652665200201950        1.7515845930941472        331.39010295421946        8159695.8252909984     
   132.40624586357447        4.0133311660302917       -2.4609681552150406        1.5523630108152515        323.05715989180999        4126605.3069275264     
   132.75285907264143        4.1960375764617535       -2.5373676039970343        1.6586699724647191        337.76429758022516        2685825.1131948829     
   133.09947228170836        3.8653621118467303       -2.4696450206518277        1.3957170911949024        311.14624090236072        3330529.2918110369     
   133.44608549077529        4.0991649063001665       -2.5084908394176257        1.5906740668825408        329.96643381098789        3463850.4893625975     
   133.79269869984225        3.8458816362936319       -2.4682454564805338        1.3776361798130980        309.57814027842176        4678412.6504133735     
   134.13931190890921        3.6119956362300774       -2.3725851678085594        1.2394104684215177        290.75124964987572        7516626.5216083331     
   134.48592511797617        4.4245444407117525       -2.3411659592967240        2.0833784814150289        356.15818921947567        11973672.917075070     
   134.83253832704310        4.3725127816658471       -2.3919838055321017        1.9805289761337457        351.96984808827131        11174567.601673428     
   135.17915153611006        4.5200563391468602       -2.3996598791219346        2.1203964600249252        363.84651628938985        10723693.653789597     
   135.52576474517699        4.4263160128365646       -2.4357166238380712        1.9905993889984932        356.30079371322626        9942829.6720239203     
   135.87237795424394        4.0276749458392906       -2.3294711051778103        1.6982038406614803        324.21177698556755        11166095.055761833     
   136.21899116331090        4.2430451723148428       -2.3252540998539266        1.9177910724609166        341.54822165262169        12120968.597881420     
   136.56560437237783        3.6584483491673989       -2.4179704048777722        1.2404779442896265        294.49050785956996        7097240.6625380935     
   136.91221758144479        4.4960854374983157       -2.4305588534225659        2.0655265840757502        361.91695426565974        8436598.0482567511     
   137.25883079051175        3.9990923492383330       -2.4294373809256977        1.5696549683126353        321.91099190249349        5953828.6701302649     
   137.60544399957871        4.5446053661144870       -2.4223896503359592        2.1222157157785277        365.82261509663419        7567051.5410058089     
   137.95205720864564        4.3877915326645693       -2.3455905274933952        2.0422010051711736        353.19972663557877        10521120.561732778     
   138.29867041771257        4.2488663482604938       -2.3897800267544538        1.8590863215060403        342.01680311037677        8778806.3593245689     
   138.64528362677953        3.9318716437586709       -2.4201090051997483        1.5117626385589229        316.49999308385793        7342191.4292294327     
   138.99189683584649        4.4081722713251441       -2.4879932134792111        1.9201790578459332        354.84029485080913        8138544.7432612292     
   139.33851004491345        4.3879078064152992       -2.4457214061681709        1.9421864002471287        353.20908620899223        8824689.9762725066     
   139.68512325398041        4.3389312099497124       -2.4209643616439092        1.9179668483058034        349.26666543662668        9053727.8355319723     
   140.03173646304734        4.1947036299550549       -2.3048106034513247        1.8898930265037301        337.65692020415685        12234991.883543160     
   140.37834967211427        4.3009382481583707       -2.3504673699040657        1.9504708782543048        346.20838346974648        10138544.992857538     
   140.72496288118123        3.9564738911392872       -2.3091327573788969        1.6473411337603903        318.48037592218697        11778139.822568748     
   141.07157609024819        4.2021236347265365       -2.4048211540838684        1.7973024806426685        338.25420100872839        9121777.1949626524     
   141.41818929931515        4.0043703648868663       -2.4560003161223825        1.5483700487644836        322.33585112161603        6746628.6961664585     
   141.76480250838208        3.9763773341802211       -2.3673671404156158        1.6090101937646055        320.08252374275486        9447746.5722419862     
   142.11141571744903        4.0484118998986816       -2.3631541388958737        1.6852577610028077        325.88101912036507        9807332.9694911856     
   142.45802892651596        3.9828914433615714       -2.4326909208904266        1.5502005224711450        320.60688356363494        7386795.5793239269     
   142.80464213558292        4.1358636917645244       -2.5135743329379006        1.6222893588266243        332.92053974272477        5567328.0231661638     
   143.15125534464988        4.1919054984363591       -2.4856222212907220        1.7062832771456371        337.43168177153382        7233989.8739299886     
   143.49786855371681        3.9410335490246542       -2.5576703138617427        1.3833632351629115        317.23748993422475        4983363.5566668883     
   143.84448176278377        4.1993517489551504       -2.5077620742822937        1.6915896746728565        338.03107525413623        8729106.5734699797     
   144.19109497185073        4.1333620919746625       -2.5307519404978431        1.6026101514768198        332.71917093216183        8580593.9777409360     
   144.53770818091766        4.0503137954918307       -2.4416050520245887        1.6087087434672416        326.03411413378785        10397779.847460648     
   144.88432138998462        3.9789410275013086       -2.4179035552392607        1.5610374722620477        320.28889083504822        10507086.908590909     
   145.23093459905155        4.4149508671506243       -2.5325467762187270        1.8824040909318978        355.38594479217699        9265633.5711494684     
   145.57754780811851        3.9665760392712182       -2.3432878749594233        1.6232881643117949        319.29355857502446        12600651.958534276     
   145.92416101718547        4.0922552735443594       -2.5085158568973438        1.5837394166470153        329.41023591910186        8269389.5942437481     
   146.27077422625243        4.1865180387319922       -2.4456685214387894        1.7408495172932024        336.99801274221079        9398441.4168844204     
   146.61738743531936        4.1891637167709357       -2.4485859749502370        1.7405777418206989        337.21097927746303        9166525.7954309490     
   146.96400064438629        3.9703366899459627       -2.4039610185456968        1.5663756714002655        319.59627596266779        10238197.497899044     
   147.31061385345325        4.3503310694501724       -2.4520264282625370        1.8983046411876356        350.18430868135971        9077591.9778572954     
   147.65722706252021        3.7301639530273287       -2.3671112489821575        1.3630527040451714        300.26332807909631        9300154.4996548984     
   148.00384027158717        4.1289862563154260       -2.4497546487872932        1.6792316075281333        332.36693360567557        7921058.4786345772     
   148.35045348065412        4.1316392668147488       -2.3806286815905104        1.7510105852242386        332.58049037475780        10135038.882319810     
   148.69706668972105        4.1066109805880027       -2.3348816029891819        1.7717293775988205        330.56581310770093        10197962.447373636     
   149.04367989878799        4.0299193817621077       -2.4070871032150141        1.6228322785470939        324.39244513000625        8464195.1334964819     
   149.39029310785494        4.0180664977853997       -2.4595919403413751        1.5584745574440242        323.43833522089795        6783615.3094452322     
   149.73690631692190        3.9377336388245801       -2.4042646368838998        1.5334690019406800        316.97186031807013        8205015.4116480183     
   150.08351952598886        4.3989543812189593       -2.4392685569077996        1.9596858243111599        354.09829144398725        8980002.9781189281     
   150.43013273505579        4.5057029506472768       -2.4011963610242057        2.1045065896230710        362.69112573434484        10347579.728366254     
   150.77674594412275        4.6582307247091350       -2.4063290714119949        2.2519016532971396        374.96900350085446        10417321.570878455     
   151.12335915318971        4.1284464185095251       -2.4352041345832052        1.6932422839263197        332.32347881434089        8778627.0573456660     
   151.46997236225664        4.1770183995197820       -2.4329212739886237        1.7440971255311581        336.23332965553470        8703059.0268896781     
   151.81658557132360        4.2554048825909998       -2.4862498129182597        1.7691550696727403        342.54312905839413        7476912.7481042910     
   152.16319878039053        4.3641916456150405       -2.4540236865641800        1.9101679590508605        351.30002980803550        7919672.3041004539     
   152.50981198945749        3.9006642782104399       -2.4753823307703535        1.4252819474400866        313.98792456405789        6052898.4424765594     
   152.85642519852445        4.1805195585496220       -2.4934739735423390        1.6870455850072823        336.51515900021553        6590590.9271783279     
   153.20303840759141        4.3533763885813386       -2.4602085795910740        1.8931678089902650        350.42944473138368        8426651.4117445350     
   153.54965161665834        4.3236823109239158       -2.3665815438284632        1.9571007670954528        348.03918985413605        11302990.080809122     
   153.89626482572527        4.2220043141266812       -2.4354667543281274        1.7865375597985538        339.85451644695894        8855936.3214668538     
   154.24287803479223        4.5872738699232833       -2.4356466334136679        2.1516272365096150        369.25725955707054        9617256.5519287679     
   154.58949124385919        4.1197377848848342       -2.4595439036795592        1.6601938812052748        331.62246852415007        8287080.9287253572     
   154.93610445292614        4.1080013607113317       -2.4813593945558177        1.6266419661555140        330.67773316493782        8117253.5325439172     
   155.28271766199310        3.9723971933124638       -2.5040155838017437        1.4683816095107198        319.76213826956229        7019423.5846474925     
   155.62933087106003        4.4499159212041013       -2.4967227140138659        1.9531932071902349        358.20049225678423        9586016.9656737316     
   155.97594408012696        4.3658928524449445       -2.5479198850249403        1.8179729674200042        351.43697017605427        8172595.7299462147     
   156.32255728919392        4.1504574592455290       -2.5686169980051683        1.5818404612403609        334.09527984751361        5735007.2626442444     
   156.66917049826088        4.1863912607295246       -2.5494481300338614        1.6369431306956628        336.98780761840720        5310317.6099251332     
   157.01578370732784        4.0490998414496868       -2.5307681604693126        1.5183316809803742        325.93639567277131        5229522.8868908696     
   157.36239691639477        4.2276359090055298       -2.4204853326123681        1.8071505763931617        340.30783738459331        9527586.1072760504     
   157.70901012546173        4.5029486546593001       -2.5112668268892899        1.9916818277700103        362.46941588719631        8988120.0376913995     
   158.05562333452866        4.1296864237332871       -2.5002556246292813        1.6294307991040053        332.42329429162584        8689782.8902444579     
   158.40223654359562        3.8393009376331286       -2.3963023034879489        1.4429986341451795        309.04842026992594        10069353.574057300     
   158.74884975266258        4.1842424048786269       -2.4934208178836674        1.6908215869949590        336.81483328873219        8963895.2715292443     
   159.09546296172951        3.9547738386828915       -2.4273977548302561        1.5273760838526353        318.34352847663376        10157010.127159942     
   159.44207617079647        4.2119177451967671       -2.2844941146051321        1.9274236305916355        339.04258785777802        15076377.227060219     
   159.78868937986343        3.9675072868016383       -2.2719383803074784        1.6955689064941599        319.36852028884471        14062806.312475214     
   160.13530258893036        3.8823640653685230       -2.4412046334264623        1.4411594319420604        312.51483038330201        8933480.5154114868     
   160.48191579799732        4.0850880518886816       -2.3993635242892366        1.6857245275994448        328.83330314764345        10866123.213956328     
   160.82852900706425        3.9732079260820412       -2.4282404593925841        1.5449674666894568        319.82739902556165        9517414.5688128490     
   161.17514221613121        3.8012007811748725       -2.4788474092016037        1.3223533719732687        305.98150955968612        7261161.0549171576     
   161.52175542519817        3.9833488857353396       -2.4523491282412828        1.5309997574940568        320.64370585114875        8515508.7563495953     
   161.86836863426512        4.2016022574146428       -2.5454897472916964        1.6561125101229461        338.21223221356934        6893751.4750244347     
   162.21498184333208        3.6529339862969747       -2.5125998395591949        1.1403341467377797        294.04662363127335        6214025.3867820231     
   162.56159505239899        4.2393790415876200       -2.5064877631043405        1.7328912784832795        341.25311274395415        8831990.1065089628     
   162.90820826146594        4.3242550182012414       -2.5063550791366578        1.8178999390645838        348.08529050688759        8110761.1586560691     
   163.25482147053290        4.0953028080308753       -2.5381051245289274        1.5571976835019479        329.65555029640012        6316490.5812131604     
   163.60143467959986        4.2077279173756796       -2.4748898437617597        1.7328380736139199        338.70532342075046        8772343.9937895238     
   163.94804788866682        3.8518574587044498       -2.5860755473343802        1.2657819113700695        310.05917016013126        4355378.7404348878     
   164.29466109773375        4.1187487817729753       -2.5235477239132824        1.5952010578596931        331.54285771626422        8060949.2495026849     
   164.64127430680071        4.0910145879541409       -2.5008634969250969        1.5901510910290437        329.31036567502952        8324643.7218597215     
   164.98788751586764        3.8333368957342917       -2.5355524265057334        1.2977844692285583        308.56833867246837        6058718.7095959084     
   165.33450072493460        4.0331870637729246       -2.4586319226480535        1.5745551411248710        324.65548050540190        9203601.3575733826     
   165.68111393400156        4.3082175334822086       -2.5208458725728993        1.7873716609093093        346.79433691975476        8165778.9057815196     
   166.02772714306849        3.5104326545423912       -2.5268273230033507       0.98360533153904040        282.57583450051442        6683751.7981487922     
   166.37434035213545        4.0702951725831671       -2.4745824523552584        1.5957127202279084        327.64253533473237        10106201.575256392     
   166.72095356120241        3.7846928193345848       -2.4514626237258841        1.3332301956087005        304.65268443982916        8875876.4125163332     
   167.06756677026934        3.9281035232117101       -2.4167330986138653        1.5113704245978445        316.19667440127949        9545205.1799624767     
   167.41417997933630        4.2385650745795465       -2.4373631273026293        1.8012019472769170        341.18759164464899        10928834.121783931     
   167.76079318840323        4.3724769843765543       -2.3403300015926076        2.0321469827839467        351.96696654918759        14608149.869043313     
   168.10740639747019        3.9850470314246236       -2.3345383428104887        1.6505086886141347        320.78039980955066        12429503.549238777     
   168.45401960653714        4.2884101207945031       -2.5158808395679233        1.7725292812265796        345.19991915980086        9025106.3563617766     
   168.80063281560410        4.3242508841766298       -2.5006751162439227        1.8235757679327074        348.08495773438653        10350804.904380415     
   169.14724602467103        4.4552219266334019       -2.5020180770334215        1.9532038495999806        358.62760454167841        9945111.2244577017     
   169.49385923373796        4.2273146480056498       -2.5409791191289810        1.6863355288766690        340.28197715479632        7709973.1375237638     
   169.84047244280492        4.0531903710124686       -2.5835938965705276        1.4695964744419410        326.26566699585356        6146864.7361843688     
   170.18708565187188        4.2372153860194173       -2.5499245991671091        1.6872907868523079        341.07894709603448        8037079.7651799778     
   170.53369886093884        4.1458031835553157       -2.5557062753183368        1.5900969082369787        333.72062920852301        7194267.1112386910     
   170.88031207000580        4.4272806562667277       -2.5683510818134527        1.8589295744532750        356.37844366384451        7119154.1774990242     
   171.22692527907273        3.8798669495309182       -2.5152327152937173        1.3646342342372011        312.31382251302068        5666273.8451053388     
   171.57353848813966        3.8291484069179886       -2.5077759017948589        1.3213725051231298        308.23118201998818        5923186.6113042859     
   171.92015169720662        4.6606001501430940       -2.5507336689231690        2.1098664812199250        375.15973280267468        8542117.4273215104     
   172.26676490627358        4.2125772821664471       -2.5306033261218985        1.6819739560445490        339.09567795462124        8650882.8651878685     
   172.61337811534054        4.4151774782309596       -2.5177058781187212        1.8974716001122380        355.40418608076851        8526759.2061896380     
   172.95999132440747        4.2567151925773281       -2.4764642631613185        1.7802509294160098        342.64860378879860        10118696.103872351     
   173.30660453347443        4.0892591244622869       -2.4253791435724814        1.6638799808898053        329.16905786201562        10004147.645864438     
