  0.34661320906694887        4.1056252055710711       -3.4392617412666069       0.66636346430446391        330.48646214858803        93144105.972673178     
  0.69322641813389774        4.2502747667277179       -3.9334536373161990       0.31682112941151880        342.13017518238814        68027629.251684397     
   1.0398396272008466        4.3725857315092274       -4.2120842159061347       0.16050151560309217        351.97572025985193        51097209.618640020     
   1.3864528362677955        4.1352870383159903       -4.4178867627198084      -0.28259972440381814        332.87412143892209        36299721.791574918     
   1.7330660453347442        3.5746334390447636       -4.5351004689178449      -0.96046702987308141        287.74374171926451        23097968.593928888     
   2.0796792544016931        4.2102522513532898       -4.5690956028929941      -0.35884335153970420        338.90852224279831        25167314.184342116     
   2.4262924634686422        4.2003959705962828       -4.6344811261553289      -0.43408515555904625        338.11513093350231        20371495.821084093     
   2.7729056725355909        4.2008422941783889       -4.6250709468723503      -0.42422865269396176        338.15105820261198        21981672.316410489     
   3.1195188816025397        4.5237997244870556       -4.7348828333233124      -0.21108310883625611        364.14784388642948        19851268.412769418     
   3.4661320906694884        3.9295937346394756       -4.5821320493523130      -0.65253831471283685        316.31663048055026        22199649.767864440     
   3.8127452997364375        3.6746830575295477       -4.5334119072738401      -0.85872884974429220        295.79733716375006        21911763.915173549     
   4.1593585088033862        3.9223265607121887       -4.5872774039764384      -0.66495084326424991        315.73165194968283        17937066.652683701     
   4.5059717178703353        4.1204862193789999       -4.6504152282041371      -0.52992900882513694        331.68271451732824        17304269.772667553     
   4.8525849269372845        4.1296024594445448       -4.5329418113076985      -0.40333935186315351        332.41653550110215        23433776.424189731     
   5.1991981360042328        4.2201667010611237       -4.6980568492327421      -0.47789014817161846        339.70659592074776        15700194.491735445     
   5.5458113450711819        4.0897549754292433       -4.6294343900748665      -0.53967941464562319        329.20897188816690        17772458.870628290     
   5.8924245541381302        4.1111306546473765       -4.6874115589303686      -0.57628090428299183        330.92962885199256        13741670.263959838     
   6.2390377632050793        4.4055841592906635       -4.7266039461473239      -0.32101978685665988        354.63196214943173        11305332.794528058     
   6.5856509722720284        4.1988427735978320       -4.6953828943908205      -0.49654012079298876        337.99010476688068        13011779.168041082     
   6.9322641813389767        3.9903764782554081       -4.6350627980647934      -0.64468631980938540        321.20939903381623        16128938.384841030     
   7.2788773904059259        4.3097121341662925       -4.5329492805907119      -0.22323714642441955        346.91464631666156        23792555.865659449     
   7.6254905994728750        4.4098047023446307       -4.7521630767316712      -0.34235837438703992        354.97169904026111        9370425.7048966456     
   7.9721038085398241        4.1862240561914392       -4.6662387197443591      -0.48001466355292000        336.97434831964512        13416185.632667726     
   8.3187170176067724        3.9092617556613547       -4.4692010649193454      -0.55993930925799085        314.67998722537914        21144926.094830051     
   8.6653302266737207        4.1022016713086860       -4.6396691840747328      -0.53746751276604643        330.21088128823948        15287001.649967615     
   9.0119434357406707        3.7795166789888368       -4.5244050793700135      -0.74488840038117632        304.23602577645926        21222103.094742481     
   9.3585566448076190        4.1580693264120185       -4.4979835851874546      -0.33991425877543580        334.70800481003198        23788907.389050871     
   9.7051698538745690        4.0517179963698258       -4.5202286896125567      -0.46851069324273115        326.14714670667951        21693351.400732007     
   10.051783062941515        4.2500232973519152       -4.6316380516449875      -0.38161475429307218        342.10993290010799        15399488.608627433     
   10.398396272008466        4.6048660616454224       -4.4441503236217690       0.16071573802365360        370.67336086018031        26670824.267615259     
   10.745009481075414        3.9556737967465279       -4.5447809448594843      -0.58910714811295695        318.41597151311203        17109367.559314582     
   11.091622690142364        3.9254918968085102       -4.4237502885522115      -0.49825839174370162        315.98644888695924        22350313.499768276     
   11.438235899209312        4.3033028668504798       -4.5212053774723593      -0.21790251062187943        346.39872584800963        20433715.375420116     
   11.784849108276260        4.0019792646775363       -4.6009933513614429      -0.59901408668390688        322.14337708678403        15824258.599728927     
   12.131462317343209        3.6824902746679116       -4.7029479592235024       -1.0204576845555908        296.42578702024997        9253820.1677021831     
   12.478075526410159        3.7806463969012309       -4.4989341172059589      -0.71828772030472809        304.32696356483473        21774191.629686914     
   12.824688735477107        4.1286742092187474       -4.5056628690497833      -0.37698865983103619        332.34181505835539        24164160.388023883     
   13.171301944544057        4.1135240569529259       -4.4199272117814141      -0.30640315482848779        331.12228819639301        25781032.603480209     
   13.517915153611005        4.1240816811328669       -4.7213442194926953      -0.59726253835982823        331.97213485535951        9855754.5945460964     
   13.864528362677953        4.0589785116608379       -4.7110892534415196      -0.65211074178068151        326.73158924387127        9018307.3789546397     
   14.211141571744902        4.1147742965227740       -4.7880411039265791      -0.67326680740380584        331.22292749773902        4894828.5645807432     
   14.557754780811852        4.2185435544315677       -4.7129410167375143      -0.49439746230594639        339.57593908767336        8041606.5431009121     
   14.904367989878800        4.2946053924917047       -4.7088932822740945      -0.41428788978238995        345.69861383423904        7969631.6459081070     
   15.250981198945750        4.4285506757277950       -4.6751442701235275      -0.24659359439573311        356.48067516758192        10634021.604093449     
   15.597594408012698        4.2942854473032526       -4.7767515455393852      -0.48246609823613235        345.67285952201649        4644530.6348573714     
   15.944207617079648        4.0062913999988208       -4.5490476351715730      -0.54275623517275295        322.49048679000373        16348795.060774362     
   16.290820826146597        3.9505450468376746       -4.5080337419437395      -0.55748869510606525        318.00312759099222        18117787.882031694     
   16.637434035213545        4.1466484948019673       -4.5263555913042142      -0.37970709650224643        333.78867339408129        17331128.058351550     
   16.984047244280493        4.1843175389409133       -4.5977758353448985      -0.41345829640398496        336.82088128122757        13131683.066366917     
   17.330660453347441        4.1043371269354072       -4.6509390509181490      -0.54660192398274199        330.38277695328765        8636450.2010421026     
   17.677273662414393        4.1042603671475195       -4.6685872221045601      -0.56432685495704071        330.37659809636233        6386800.5027668187     
   18.023886871481341        4.1868032791520999       -4.6275860770918129      -0.44078279793971342        337.02097345893065        7890399.8016371857     
   18.370500080548286        4.2286731684355301       -4.6234870820589347      -0.39481391362340451        340.39133263371781        9018733.0132701118     
   18.717113289615238        3.9205927252883219       -4.6990999250333276      -0.77850719974500560        315.59208510992255        4177437.3642239221     
   19.063726498682186        4.1746115027712136       -4.6351212765371761      -0.46050977376596225        336.03958406226621        8002977.8392137950     
   19.410339707749138        4.2166892339565329       -4.5165469482507907      -0.29985771429425806        339.42667368160261        17805058.794459149     
   19.756952916816083        4.5913440455715762       -4.5377574403482148        5.3586605223361485E-002   369.58489247117643        19253993.145545743     
   20.103566125883031        4.5779805191823684       -4.4760808160419350       0.10189970314043270        368.50918186997347        18822229.861813817     
   20.450179334949983        4.3327437048766582       -4.5643703761719054      -0.23162667129524683        348.76859594447109        12374823.921661092     
   20.796792544016931        4.1802691977451243       -4.7309213602762714      -0.55065216253114735        336.49500595350611        2013052.8641929193     
   21.143405753083879        4.1398311439523692       -4.6867678427229107      -0.54693669877054196        333.23990382776719        5484536.4052885659     
   21.490018962150828        3.8380275564307329       -4.7331023908864296      -0.89507483445569647        308.94591815941300        1200524.0412709319     
   21.836632171217776        4.0368807239229696       -4.6500313664134350      -0.61315064249046558        324.95280542286179        6278401.7113998579     
   22.183245380284728        3.8435482192175301       -4.5567683901416354      -0.71322017092410517        309.39030950586329        10109133.847268926     
   22.529858589351676        4.3213452462264614       -4.6869905522066251      -0.36564530598016376        347.85106546259976        6793092.4283381086     
   22.876471798418624        3.8922992166321069       -4.5940481269161477      -0.70174891028404107        313.31457045396348        9538765.4304741584     
   23.223085007485572        4.5493444173750515       -4.6579804988530276      -0.10863608147797656        366.20408983108371        10567739.804553943     
   23.569698216552521        4.0503895413306301       -4.5945573942546023      -0.54416785292397196        326.04021137185367        12199257.712640146     
   23.916311425619472        3.9212093088276077       -4.5933914177476112      -0.67218210892000363        315.64171762685106        10838557.500196982     
   24.262924634686417        3.7371645695564153       -4.5019263791421311      -0.76476180958571593        300.82684980202839        15084936.435982386     
   24.609537843753369        3.4988839763914581       -4.5108755887907694       -1.0119916123993111        281.64621194767744        14126271.664723318     
   24.956151052820317        4.1570204214633435       -4.4801546322463306      -0.32313421078298760        334.62357214307849        19757556.753337462     
   25.302764261887265        4.4624686453108984       -4.5194281243824959       -5.6959479071597985E-002   359.21093650648174        17467669.951116044     
   25.649377470954214        4.1742953664250262       -4.5504458925455760      -0.37615052612054989        336.01413634666216        14802146.172634115     
   25.995990680021162        3.8746307272314331       -4.5334791603791711      -0.65884843314773789        311.89232749188915        14649164.287727455     
   26.342603889088114        4.3381518786998692       -4.7183660993240535      -0.38021422062418447        349.20393237778512        8075855.6836957037     
   26.689217098155062        4.3243077125367444       -4.6782807645460291      -0.35397305200928442        348.08953219083190        9224827.8950610813     
   27.035830307222010        4.3384838041429417       -4.6549783248132925      -0.31649452067035083        349.23065105274577        11270179.015711317     
   27.382443516288959        4.2663397276866366       -4.6503208545622039      -0.38398112687556679        343.42334049729897        12919070.251461700     
   27.729056725355907        4.1720236232182009       -4.4949061125927043      -0.32288248937450303        335.83127007472024        20511033.149219021     
   28.075669934422855        4.1936510727929921       -4.6970064076551701      -0.50335533486217821        337.57219354858501        11909677.934326313     
   28.422283143489803        3.8581882187087970       -4.6169966187222169      -0.75880840001341976        310.56877110317629        13975322.708972158     
   28.768896352556755        4.1056543478361345       -4.5759612265388245      -0.47030687870269006        330.48880798475125        19148009.741249155     
   29.115509561623703        3.9249936082768637       -4.6122681202635372      -0.68727451198667344        315.94633864656771        16966589.802663956     
   29.462122770690652        4.1615028490632167       -4.6871563457334693      -0.52565349667025307        334.98438969586169        13787235.605322689     
   29.808735979757600        4.1777889402544472       -4.7193342366131166      -0.54154529635866855        336.29535511294745        10883847.387229906     
   30.155349188824552        4.0408233394053514       -4.8640579900836327      -0.82323465067828105        325.27017025212496        3009570.6908763135     
   30.501962397891500        4.1512525065358803       -4.7406088946825031      -0.58935638814662306        334.15927798496472        11281621.413482113     
   30.848575606958448        4.2687150129345586       -4.6969397764245295      -0.42822476348997102        343.61454149078327        16054259.895535601     
   31.195188816025397        3.7300667628611626       -4.7561320627844106       -1.0260652999232480        300.25550465816440        8440435.1975165680     
   31.541802025092341        4.0251787260821645       -4.6608792212347039      -0.63570049515253957        324.01084124619263        16124994.606693324     
   31.888415234159297        4.4579468622738654       -4.7878511165017779      -0.32990425422791214        358.84695099789599        11601389.730628602     
   32.235028443226241        4.2921290449791023       -4.7806302707618862      -0.48850122578278404        345.49927773132828        10259678.360053707     
   32.581641652293193        3.8164410699776607       -4.8272408705100576       -1.0107998005323970        307.20829205354886        5727713.7301024590     
   32.928254861360138        3.9637163113957454       -4.6554553418683886      -0.69173903047264329        319.06336188123220        15880267.930762855     
   33.274868070427090        4.1811079576562706       -4.7904562900435668      -0.60934833238729547        336.56252278267283        9699881.4552308582     
   33.621481279494041        4.4374492875412246       -4.7788758141716112      -0.34142652663038597        357.19697794462638        9689491.9419367332     
   33.968094488560986        4.0970386073754144       -4.5943675506119561      -0.49732894323654153        329.79527522394534        18155796.386887498     
   34.314707697627938        4.1550244057075467       -4.7228513942346373      -0.56782698852709046        334.46290083176859        14398420.827705404     
   34.661320906694883        3.9412679104157555       -4.6695467301745346      -0.72827881975877928        317.25635509193671        13480479.797396611     
   35.007934115761834        4.0764705557417802       -4.7958110275624177      -0.71934047182063776        328.13962906109896        7137826.2642937358     
   35.354547324828786        4.2743691967248756       -4.6907589959642477      -0.41638979923937186        344.06968074574115        12206737.950710719     
   35.701160533895731        4.0247061334538357       -4.6109058708616635      -0.58619973740782849        323.97279942358244        15399304.430370070     
   36.047773742962683        4.0665383844392373       -4.7098486865718447      -0.64331030213260720        327.34012886542183        8308443.2068398017     
   36.394386952029627        4.0794778637694167       -4.7020724642404499      -0.62259460047103388        328.38170536881842        7992225.0856007198     
   36.741000161096572        4.2889032151718558       -4.6371074635238783      -0.34820424835202202        345.23961129147801        11171929.882797351     
   37.087613370163531        4.2761659360925819       -4.5616281017337919      -0.28546216564120974        344.21431110221658        17187458.899129156     
   37.434226579230476        4.2790407292579449       -4.5948724524938358      -0.31583172323589076        344.44572049178794        13660827.120983219     
   37.780839788297428        3.9727347055902995       -4.7708453562068245      -0.79811065061652497        319.78930666244975        4208466.3074575961     
   38.127452997364372        4.3683757926681830       -4.8085116557880783      -0.44013586311989483        351.63683696588964        4089919.6296814978     
   38.474066206431317        4.1600187942539799       -4.6791403725650556      -0.51912157831107564        334.86492919983942        11324963.116981402     
   38.820679415498276        3.8086983966349104       -4.5618299519538059      -0.75313155531889553        306.58503771529467        14489587.566304732     
   39.167292624565221        4.0883462045449219       -4.6461681082223398      -0.55782190367741813        329.09557144798413        12442062.216033252     
   39.513905833632165        4.0166582703510247       -4.6632356622384199      -0.64657739188739483        323.32497852626943        11601694.261179095     
   39.860519042699117        4.0374840441605357       -4.7013858925938585      -0.66390184843332301        325.00137029687545        8282871.3707939507     
   40.207132251766062        4.1302002563806806       -4.6334275772538982      -0.50322732087321764        332.46465577136905        11449225.188595928     
   40.553745460833021        4.2282213988743482       -4.7245300895722506      -0.49630869069790207        340.35496698500282        6838479.8697071988     
   40.900358669899965        4.3304553996375974       -4.6812236301596153      -0.35076823052201778        348.58439649495796        9597888.9951392412     
   41.246971878966910        4.2682142154220406       -4.5953862526446692      -0.32717203722262844        343.57422928743352        14910177.062697459     
   41.593585088033862        3.8066666617834670       -4.5685072549530021      -0.76184059316953567        306.42149115917783        14885100.554501588     
   41.940198297100807        4.1498401085490864       -4.5343013345101637      -0.38446122596107735        334.04558557749220        17703057.665167395     
   42.286811506167759        3.7894675976507370       -4.5298123514159325      -0.74034475376519560        305.03703505982918        15241338.791616995     
   42.633424715234710        3.7763864714675868       -4.5544400928074573      -0.77805362133987055        303.98405654943753        13226527.121597007     
   42.980037924301655        4.0289403763285003       -4.5903201122056059      -0.56137973587710599        324.31363909536424        12372053.609439239     
   43.326651133368607        4.5071685011674001       -4.5551175707689850       -4.7949069601584751E-002   362.80909670886007        20971697.149460677     
   43.673264342435552        3.9739305754935157       -4.5967346986556317      -0.62280412316211620        319.88556942237426        14914363.565080481     
   44.019877551502503        4.1700294199043464       -4.7231085559106223      -0.55307913600627567        335.67074465776147        9407275.5540131722     
   44.366490760569455        3.6711582053806957       -4.6672736026187263      -0.99611539723803111        295.51360061744026        9030879.5099252705     
   44.713103969636400        3.9884586922747336       -4.6438164319403628      -0.65535773966562882        321.05502490754401        12078093.835119048     
   45.059717178703352        4.3625119982198903       -4.6402411317979206      -0.27772913357803103        351.16482488856866        12671362.686327776     
   45.406330387770296        4.1987741046478320       -4.6186148552312707      -0.41984075058343900        337.98457719015147        14948430.095532853     
   45.752943596837248        4.5082620557262301       -4.5547601021823167       -4.6498046456086510E-002   362.89712349143730        21008556.313251965     
   46.099556805904200        4.4392680762298635       -4.6049949748821444      -0.16572689865228094        357.34338318353821        18432536.146225307     
   46.446170014971145        3.5991122932617334       -4.7216572405091366       -1.1225449472474032        289.71419189982163        5070808.4201462921     
   46.792783224038089        4.0874507122548138       -4.7415582354273891      -0.65410752317257570        329.02348788847223        7254208.7648909269     
   47.139396433105041        3.9695438491072674       -4.7820145170927457      -0.81247066798547807        319.53245543577907        5613153.2738782493     
   47.486009642171993        4.2472085300963318       -4.6541880661750001      -0.40697953607866894        341.88335535698315        13975095.756125877     
   47.832622851238945        4.1521285502064700       -4.6021113416314776      -0.44998279142500786        334.22979600813642        16246191.909597017     
   48.179236060305890        4.1556446104362372       -4.7480832011518412      -0.59243859071560456        334.51282484000842        8538386.8453911636     
   48.525849269372834        3.9284245367092647       -4.6223068944366643      -0.69388235772739970        316.22251470812603        15921987.939407436     
   48.872462478439786        3.8364781485167700       -4.5757963641497552      -0.73931821563298494        308.82119699898760        17366306.741848309     
   49.219075687506738        4.3746951864539492       -4.5749767750815833      -0.20028158862763423        352.14552297364980        21302762.223819014     
   49.565688896573683        3.8345266368572486       -4.5794958365031775      -0.74496919964592867        308.66410809001417        17076527.232697167     
   49.912302105640634        4.2249077988176227       -4.5671115952656383      -0.34220379644801618        340.08823538996177        19966959.991687760     
   50.258915314707579        4.2256821385886951       -4.5725268436832440      -0.34684470509454890        340.15056665466062        22573126.841927774     
   50.605528523774531        4.0688998456634264       -4.5200223426496127      -0.45112249698618617        327.53021708010453        24820088.244490892     
   50.952141732841483        4.3406959279815984       -4.5953577250720237      -0.25466179709042497        349.40871820322030        21476296.540322714     
   51.298754941908427        4.5349591769979813       -4.6114997049700293       -7.6540527972048009E-002   365.04613532687722        23040979.819385231     
   51.645368150975379        4.1267605481354028       -4.7213570957593838      -0.59459654762398140        332.18777296987446        12215420.067928756     
   51.991981360042324        4.0659896437428120       -4.6531178791897565      -0.58712823544694459        327.29595742689105        18560971.354233965     
   52.338594569109276        4.5063698360367912       -4.6285896599010066      -0.12221982386421591        362.74480734969052        20519180.742424622     
   52.685207778176228        3.8583770646171316       -4.5970210293644280      -0.73864396474729688        310.58397244597109        20777077.126706857     
   53.031820987243172        3.9298168883296469       -4.6729020663335117      -0.74308517800386453        316.33459346301640        17896603.691630051     
   53.378434196310124        4.2157753288429332       -4.6596840419837875      -0.44390871314085428        339.35310796320158        19062512.320186917     
   53.725047405377069        4.5151615123641307       -4.7263609188084095      -0.21119940644427920        363.45250224639847        19901804.137903750     
   54.071660614444021        4.1058448741426670       -4.5735551874824480      -0.46771031333978108        330.50414459290215        28877483.934731875     
   54.418273823510972        4.2218964439630975       -4.7721106841167895      -0.55021424015369202        339.84583332881027        15563909.292674646     
   54.764887032577917        4.1784387978645459       -4.8010363229066169      -0.62259752504207122        336.34766605993070        12617661.471108647     
   55.111500241644869        3.9394861427168362       -4.7073505989692892      -0.76786445625245281        317.11292989511463        16508102.707532164     
   55.458113450711814        3.9925254634561638       -4.7019561997178476      -0.70943073626168363        321.38238377563914        18111619.957918156     
   55.804726659778765        4.3554507745495092       -4.7263652593956254      -0.37091448484611611        350.59642453237018        19372954.358488094     
   56.151339868845710        4.1641178087425228       -4.7066600943838370      -0.54254228564131413        335.19488352562058        20573416.323424626     
   56.497953077912662        4.1938300763969467       -4.7533555009301969      -0.55952542453325016        337.58660262511313        15709143.245304553     
   56.844566286979607        4.2141694132809615       -4.6686968576856991      -0.45452744440473786        339.22383816237675        21507388.386206377     
   57.191179496046558        4.1295913619878180       -4.7131956548800709      -0.58360429289225346        332.41564220007513        20935829.477775559     
   57.537792705113510        4.2894647399771531       -4.6201060699030947      -0.33064132992594131        345.28481179980975        27320659.065795321     
   57.884405914180455        3.7684341049388563       -4.6206564745142940      -0.85222236957543740        303.34392274564493        25059881.503712773     
   58.231019123247407        3.8291339393580408       -4.7968901422827246      -0.96775620292468389        308.23001743908668        15335733.081236226     
   58.577632332314352        4.4347404540629407       -4.6718457647893574      -0.23710531072641625        356.97892764827367        22518528.040956676     
   58.924245541381303        4.1496245800493181       -4.8022929877456297      -0.65266840769631085        334.02823639245605        12729799.308506273     
   59.270858750448255        4.0099634748637323       -4.7775479271485670      -0.76758445228483485        322.78607417805927        14299129.817646967     
   59.617471959515200        3.8786566490466319       -4.7645618281631439      -0.88590517911651201        312.21639814884691        12710353.864616808     
   59.964085168582152        4.1089410910134321       -4.7997448694945479      -0.69080377848111640        330.75337770806215        12157315.059482671     
   60.310698377649103        4.1418363931210989       -4.8054159085555694      -0.66357951543447091        333.40131839200956        11454352.358804451     
   60.657311586716048        4.0485019783276792       -4.7116049310936816      -0.66310295276600240        325.88827007480558        15713635.841489933     
   61.003924795783000        4.4761684379923086       -4.7752411513163260      -0.29907271332401747        360.31371520369566        15969883.128469983     
   61.350538004849945        4.0586480595215590       -4.5981979279827740      -0.53954986846121444        326.70498916399271        19384351.457947958     
   61.697151213916896        4.1747903363036922       -4.7334310096671510      -0.55864067336345924        336.05397944871851        14362004.893993644     
   62.043764422983848        4.5380444592729257       -4.7604641119847750      -0.22241965271184932        365.29448825066396        14387393.729966830     
   62.390377632050793        3.7499344223321889       -4.6629231447674933      -0.91298872243530382        301.85477204400439        17537667.423069928     
   62.736990841117745        4.3588907644746744       -4.7413124426035029      -0.38242167812882882        350.87333000797275        16569875.477030452     
   63.083604050184682        4.4721685997712575       -4.7775048149121533      -0.30533621514089521        359.99174417208570        15542389.706821054     
   63.430217259251641        3.7951401067050328       -4.7105155118967472      -0.91537540519171479        305.49364942548442        14745872.813019712     
   63.776830468318593        3.8281211296097322       -4.7504071693434602      -0.92228603973372791        308.14849029187070        14471093.865273809     
   64.123443677385538        4.1374822409435348       -4.7585450465881403      -0.62106280564460592        333.05082649935775        15849350.115822006     
   64.470056886452483        4.4708945900622155       -4.6589983064039302      -0.18810371634171463        359.88919146929322        24651403.232554540     
   64.816670095519427        4.2404491472272721       -4.6110702379947464      -0.37062109076747363        341.33925198201558        23809053.059593700     
   65.163283304586386        4.3285510029867149       -4.7052662232239113      -0.37671522023719639        348.43110015635801        18042888.123124063     
   65.509896513653331        3.9923726076517920       -4.7070820967936395      -0.71470948914184751        321.37007949274039        16296119.228762060     
   65.856509722720276        4.1132144269615099       -4.6488073277008830      -0.53559290073937316        331.09736421641077        20910484.730093502     
   66.203122931787235        4.4724138179846227       -4.7254777901665692      -0.25306397218194721        360.01148326070955        20004279.495183844     
   66.549736140854179        3.9984436941743393       -4.6336889235342156      -0.63524522935987637        321.85877775567781        22863350.404098876     
   66.896349349921124        4.7538889435604421       -4.6308410792501977       0.12304786431024409        382.66910878097258        25854727.571447607     
   67.242962558988083        4.2042372643365198       -4.7091243396210754      -0.50488707528455534        338.42433976643764        18304896.608125646     
   67.589575768055028        4.2324581109359762       -4.8326671864159358      -0.60020907547996016        340.69600541649174        12207638.188866016     
   67.936188977121972        4.3465355263209933       -4.7617654946484302      -0.41522996832743636        349.87878259023171        14936669.213277781     
   68.282802186188917        4.2688220769355194       -4.8531588554350380      -0.58433677849951848        343.62315971605460        7660494.1375870807     
   68.629415395255876        4.1350958452570676       -4.7297999139782396      -0.59470406872117165        332.85873115986180        13477914.945989389     
   68.976028604322821        4.2985239945459135       -4.8447872334260165      -0.54626323888010275        346.01404567826273        7755187.3635334494     
   69.322641813389765        4.1628177200188166       -4.5866937932525671      -0.42387607323375137        335.09023156611045        19313617.890932538     
   69.669255022456724        4.0664367601452724       -4.7953553690508910      -0.72891860890561821        327.33194851487860        9012558.9283078797     
   70.015868231523669        3.8621075339062392       -4.6666517802064318      -0.80454424630019317        310.88426035238746        15232626.896899473     
   70.362481440590614        3.9918882051195870       -4.7727074689452866      -0.78081926382569955        321.33108701994792        14300932.425335018     
   70.709094649657573        4.0037628060878809       -4.7855080963900081      -0.78174529030212647        322.28694506030502        13428499.839746172     
   71.055707858724517        4.2800838786436861       -4.8117715116167838      -0.53168763297309773        344.52968985886952        11706613.368867841     
   71.402321067791462        4.2481678449169564       -4.8542122750418422      -0.60604443012488551        341.96057637577582        9061260.4221866895     
   71.748934276858407        4.4232074358139721       -4.7294925738675175      -0.30628513805354535        356.05056565511734        16728995.836404299     
   72.095547485925366        4.2601208578462906       -4.6341054063996472      -0.37398454855335672        342.92274626641068        22367230.099025350     
   72.442160694992310        3.8152125602499845       -4.7098246880347023      -0.89461212778471821        307.10940191787256        13398869.702733161     
   72.788773904059255        4.1986898149278895       -4.8180460715047557      -0.61935625657686622        337.97779220371353        8044848.2990195332     
   73.135387113126214        3.8154367926932942       -4.7157263462230548      -0.90028955352976037        307.12745173566589        10573056.128336249     
   73.482000322193144        4.3990453512615586       -4.6013177924462241      -0.20227244118466542        354.10561416976827        20323677.707548186     
   73.828613531260103        4.0693880121732064       -4.6988955054335042      -0.62950749326029753        327.56951253808683        12639417.104382537     
   74.175226740327062        3.9533826802813179       -4.7643780975610728      -0.81099541727975510        318.23154577110074        7163238.9953453373     
   74.521839949393993        3.9094373189886844       -4.6768453399124787      -0.76740802092379468        314.69411937335343        11427784.746049127     
   74.868453158460952        4.1106238684303982       -4.6052321260043758      -0.49460825757397786        330.88883458180743        17507674.949020356     
   75.215066367527896        3.9767773384614205       -4.5721942328252654      -0.59541689436384448        320.11472249279137        17374144.022473127     
   75.561679576594855        4.2843323031029446       -4.6170649435588205      -0.33273264045587592        344.87167109167677        17865451.321381766     
   75.908292785661800        4.3135015210044996       -4.6233764121798018      -0.30987489117530248        347.21967685090812        15435533.821574658     
   76.254905994728745        3.9478409616307752       -4.6217472691109212      -0.67390630748014591        317.78545951155729        15137773.884661902     
   76.601519203795704        4.1953730750648104       -4.7697653758643224      -0.57439230079951231        337.71080786677777        7107156.8525692914     
   76.948132412862634        3.9748041338084947       -4.6711305000008112      -0.69632636619231603        319.95588738432713        11280279.389015876     
   77.294745621929593        4.0060833040116437       -4.6883821461540869      -0.68229884214244296        322.47373589260184        11724236.600085041     
   77.641358830996552        4.2935730757828638       -4.6314393085743095      -0.33786623279144579        345.61551645446389        19653553.393716671     
   77.987972040063482        4.1277450150818122       -4.6799172370555171      -0.55217222197370419        332.26701863452496        16539647.959706141     
   78.334585249130441        4.0607281723575834       -4.7458703422975672      -0.68514216993998378        326.87242995501151        11418510.532157643     
   78.681198458197386        4.2751697233746730       -4.6490038906311097      -0.37383416725643631        344.13411994978446        17986747.888799243     
   79.027811667264331        3.9369673253427120       -4.7548709590278770      -0.81790363368516528        316.91017513765576        9922251.0904570911     
   79.374424876331290        4.0933307662533887       -4.6362810763679834      -0.54295031011459483        329.49680879477285        17684142.948151842     
   79.721038085398234        4.4205595481194004       -4.6456969556256684      -0.22513740750626746        355.83742125139582        19045381.412357368     
   80.067651294465179        4.3053459127745635       -4.6336285407291218      -0.32828262795455831        346.56318290038286        20022187.932107154     
   80.414264503532124        4.3406388126481312       -4.6696309513456473      -0.32899213869751531        349.40412064656408        17173576.743959602     
   80.760877712599083        4.1845422066407023       -4.7286134475887396      -0.54407124094803738        336.83896613543232        15239417.630146991     
   81.107490921666042        4.2641913989069939       -4.6755812799821790      -0.41138988107518509        343.25040859475882        19873174.477424175     
   81.454104130732972        4.0717688658979361       -4.7248710434756083      -0.65310217757767164        327.76116177175572        15384630.888485843     
   81.800717339799931        4.5802914943467679       -4.7835562037764605      -0.20326470942969305        368.69520615810364        15793287.048658906     
   82.147330548866876        3.9010908867731002       -4.7685636710953938      -0.86747278432229313        314.02226485269517        10968116.887302797     
   82.493943757933820        4.0011743233227097       -4.5456215004162370      -0.54444717709352697        322.07858251658490        23234315.468401473     
   82.840556967000779        3.7584084974040342       -4.5817091261480760      -0.82330062874404153        302.53690130574887        18432509.027433272     
   83.187170176067724        3.9958925252890563       -4.7058742146887704      -0.70998168939971440        321.65341883053850        13306296.544883329     
   83.533783385134669        3.9992792730804201       -4.6843238735204480      -0.68504460044002791        321.92603852661762        11873342.703635279     
   83.880396594201613        4.4188387649477594       -4.7948765434077298      -0.37603777845996988        355.69890506590752        8602671.5065335613     
   84.227009803268572        3.8595856356379405       -4.7346744805824708      -0.87508884494453021        310.68125759522934        9352822.5063330438     
   84.573623012335517        4.1292846579230087       -4.6108429959201835      -0.48155833799717457        332.39095374552073        19226990.118954338     
   84.920236221402462        4.5099555538924836       -4.7446000663581636      -0.23464451246567922        363.03344334276244        15359262.615204753     
   85.266849430469421        3.8791488555143481       -4.8341331391601168      -0.95498428364576926        312.25601880733797        5016201.1377542261     
   85.613462639536365        4.3075087637911658       -4.7332125379087406      -0.42570377411757504        346.73728378510594        13015509.166285349     
   85.960075848603310        4.3129967851275710       -4.6206667564779531      -0.30766997135038215        347.17904762492344        20811815.275015905     
   86.306689057670269        4.4382857810729925       -4.5798559831166017      -0.14157020204360996        357.26431233928787        22626365.043728784     
   86.653302266737214        3.9755100424731928       -4.6646242784408072      -0.68911423596761456        320.01271021776051        11436836.282498239     
   86.999915475804158        4.1856731643616287       -4.6909695742982906      -0.50529640993666169        336.93000372345216        12194327.767386312     
   87.346528684871103        3.9277073272399536       -4.6268006483574364      -0.69909332111748268        316.16478220497146        12798422.460665213     
   87.693141893938062        4.2966005199464981       -4.7938803126774516      -0.49727979273095380        345.85921364085925        5567286.8320026547     
   88.039755103005007        4.0206397066877573       -4.7456429059791141      -0.72500319929135704        323.64546827955013        6612197.7992303744     
   88.386368312071951        3.9390134409754451       -4.6352098623798925      -0.69619642140444693        317.07487928933807        9622982.2256365009     
   88.732981521138910        4.2199050262444144       -4.7219434199883850      -0.50203839374396975        339.68553214115821        8732554.2684842274     
   89.079594730205855        4.2327462518614274       -4.7518546629145026      -0.51910841105307570        340.71919961232908        9860431.8146928009     
   89.426207939272800        4.5890229325728891       -4.7123877172669184      -0.12336478469402919        369.39805212780016        15211749.658432322     
   89.772821148339759        3.8093913092904210       -4.5775641902932742      -0.76817288100285319        306.64081442179651        16111604.583102807     
   90.119434357406703        3.8216670130750985       -4.8050410046049334      -0.98337399152983551        307.62895963989314        2692199.4952155910     
   90.466047566473648        4.1479398784791899       -4.7138134349534413      -0.56587355647425153        333.89262463205165        12512748.197768424     
   90.812660775540593        4.2265920802737682       -4.8029455004483239      -0.57635342017455560        340.22381333286529        9575436.1051659901     
   91.159273984607552        3.9462374691118933       -4.7245336176073751      -0.77829614849548157        317.65638475604186        12317055.251635708     
   91.505887193674496        3.9132607133489676       -4.6982776757033289      -0.78501696235436125        315.00188737755758        11742659.876577880     
   91.852500402741441        3.7525363846006363       -4.7257876270085850      -0.97325124240794925        302.06421963400271        8110003.7667356404     
   92.199113611808400        3.7278078755201736       -4.8109509518367535       -1.0831430763165797        300.07367323217289        2642109.9767798139     
   92.545726820875331        3.9025795598490709       -4.8048628756874141      -0.90228331583834298        314.14209710077904        4348930.6263915868     
   92.892340029942289        4.4023235525994204       -4.7383510858786249      -0.33602753327920376        354.36949630905627        11581358.369902262     
   93.238953239009248        3.9642691226144429       -4.6710119998211201      -0.70674287720667750        319.10786098057901        14202990.519981850     
   93.585566448076179        4.4812672672972154       -4.6917063435165147      -0.21043907621929939        360.72415063647497        15352221.741055224     
   93.932179657143138        4.1100399543485544       -4.6735750852780189      -0.56353513092946461        330.84183182596763        12864608.707711324     
   94.278792866210082        4.2335081073968928       -4.7434079295555405      -0.50989982215864760        340.78052594582948        9842091.6858622450     
   94.625406075277041        3.9968108653441323       -4.6626387393467912      -0.66582787400265875        321.72734154404867        16654003.732612640     
   94.972019284343986        4.0308233377778242       -4.5760756239386078      -0.54525228616078425        324.46520998568923        24190156.710839275     
   95.318632493410931        4.0835842748926403       -4.6310196917886959      -0.54743541689605524        328.71225509420503        20293910.008694362     
   95.665245702477890        3.7403552660660289       -4.7820303617411319       -1.0416750956751031        301.08368815147662        9445254.9893742260     
   96.011858911544820        3.6732905559670281       -4.7655495747817112       -1.0922590188146835        295.68524633911534        10147649.232602213     
   96.358472120611779        4.3375703376531209       -4.7929023885330881      -0.45533205087996753        349.15712064181042        12947444.167433608     
   96.705085329678738        4.6360489470744000       -4.6502575443280811       -1.4208597253681760E-002   373.18345882796933        23596180.061388053     
   97.051698538745669        3.9124612895951558       -4.6977522848247899      -0.78529099522963453        314.93753695224444        13034164.057833537     
   97.398311747812627        3.9485882126785277       -4.6479709751098790      -0.69938276243135089        317.84561024201690        15633903.913396472     
   97.744924956879572        4.4701193048628838       -4.6526982510140913      -0.18257894615120690        359.82678410138840        16642997.373744488     
   98.091538165946517        4.1208576691750300       -4.6205090231610635      -0.49965135398603350        331.71261474513983        15886524.371081715     
   98.438151375013476        4.1054023886942721       -4.6371705047044927      -0.53176811601022034        330.46852627825575        15963975.082055550     
   98.784764584080420        4.0200642292800639       -4.6325712712732683      -0.61250704199320505        323.59914464234697        15649534.875538968     
   99.131377793147365        4.2245706619297270       -4.6882896063049788      -0.46371894437525168        340.06109721446802        14192779.886871200     
   99.477991002214310        4.3886301235215237       -4.6394499495664920      -0.25081982604496883        353.26722985655687        19610258.800059706     
   99.824604211281269        4.2028084986213798       -4.7323998492316228      -0.52959135061024321        338.30932982208247        13544499.978064632     
   100.17121742034823        4.2171527712980410       -4.7192283046897536      -0.50207553339171251        339.46398658972214        11491106.167155469     
   100.51783062941516        4.0352007885295800       -4.7237088914197374      -0.68850810289015807        324.81757732068473        11264277.848650550     
   100.86444383848212        3.8973813051547039       -4.7041344483679293      -0.80675314321322522        313.72365832050326        13754527.632008420     
   101.21105704754906        3.7145790309318434       -4.6475355159086202      -0.93295648497677686        299.00880397903740        13479156.119398464     
   101.55767025661601        3.6770515750600703       -4.5899611278378734      -0.91290955277780306        295.98799338296288        15397467.583271435     
   101.90428346568297        3.7582075491709150       -4.6849003577871446      -0.92669280861622916        302.52072577405437        11037527.003685521     
   102.25089667474991        4.4011435606044014       -4.6230792391877458      -0.22193567858334398        354.27451165744503        19531485.969179899     
   102.59750988381685        4.1095545929036721       -4.7623260589451348      -0.65277146604146241        330.80276216452734        10127602.021028742     
   102.94412309288380        4.0882061599285997       -4.5858297198281157      -0.49762355989951601        329.08429841465210        18000623.440543242     
   103.29073630195076        4.0800362199380880       -4.6570118316345299      -0.57697561169644240        328.42665081453339        15925922.187460592     
   103.63734951101770        4.1743004620007298       -4.7365586047957464      -0.56225814279501640        336.01454652019305        10955783.026752494     
   103.98396272008465        4.3271648827316058       -4.6769434497054201      -0.34977856697381465        348.31952300153102        14913404.984190576     
   104.33057592915161        4.4214144955174453       -4.6319295445213404      -0.21051504900389531        355.90624110872704        19881080.950283367     
   104.67718913821855        3.7835854974286667       -4.6387867861472900      -0.85520128871862366        304.56354944069432        15721834.791190458     
   105.02380234728550        4.0975218701372134       -4.6070929374620047      -0.50957106732479152        329.83417594976379        19397652.686610945     
   105.37041555635246        3.8477725277630341       -4.6140084120952451      -0.76623588433221113        309.73034950375040        15623019.179258985     
   105.71702876541940        4.1476663107836984       -4.5412971284840040      -0.39363081770030539        333.87060352313057        21039965.662060976     
   106.06364197448634        4.0916587182253812       -4.4537984776454707      -0.36213975942008958        329.36221559406647        26300560.968437430     
   106.41025518355329        4.3627059259951526       -4.5776765368397614      -0.21497061084460931        351.18043530139244        20911574.812352773     
   106.75686839262025        4.1264406359823198       -4.6165361311832820      -0.49009549520096157        332.16202131686754        17382612.155579910     
   107.10348160168719        4.2052411254259168       -4.7019903228920521      -0.49674919746613577        338.50514658228462        11803383.930316696     
   107.45009481075414        4.0522833041012607       -4.5365417840057498      -0.48425847990448884        326.19265172548489        20051633.780862082     
   107.79670801982110        4.0861305929948442       -4.6533330125758052      -0.56720241958096107        328.91722355064383        15300102.969913332     
   108.14332122888804        4.3719926224485617       -4.5696309191665714      -0.19763829671800889        351.92797734487237        20835124.551026430     
   108.48993443795499        3.9841993538945522       -4.6341256294883539      -0.64992627559380201        320.71216514761034        14299749.527107211     
   108.83654764702194        4.6863806367781624       -4.6860241239547031        3.5651282345930201E-004   377.23495920398659        16482269.427092265     
   109.18316085608889        4.2260960606737648       -4.7843127371242966      -0.55821667645053186        340.18388573242601        8518358.3562559690     
   109.52977406515583        3.9728675718280684       -4.7846469091657617      -0.81177933733769336        319.80000186492458        4352994.2752761636     
   109.87638727422278        4.0742646565700396       -4.6678961127596388      -0.59363145618959989        327.96206297149683        11058044.842398744     
   110.22300048328974        3.8413798179907883       -4.7732893048367515      -0.93190948684596342        309.21576185134967        2867004.5714931381     
   110.56961369235668        3.8905349303795687       -4.6982266714847958      -0.80769174110522679        313.17255244388610        8205571.5693344558     
   110.91622690142363        4.1838921489107044       -4.6113041683983091      -0.42741201948760521        336.78663907959492        15707010.774969103     
   111.26284011049059        4.1463931401106073       -4.7531504364084185      -0.60675729629781128        333.76811835938736        8651640.6796918884     
   111.60945331955753        4.2130314413191936       -4.5942409133056321      -0.38120947198643879        339.13223595593121        17541425.036237188     
   111.95606652862446        4.2219264594078076       -4.6345858364587000      -0.41265937705089190        339.84824945245418        16438728.243549639     
   112.30267973769142        4.4699861989124985       -4.7618807811244324      -0.29189458221193332        359.81606960300360        12242103.264354439     
   112.64929294675837        4.2436309236172747       -4.6538627821543281      -0.41023185853705324        341.59537229739482        16229934.757070584     
   112.99590615582532        4.6054869958887528       -4.6755185382586530       -7.0031542369899696E-002   370.72334359144054        18032297.202225342     
   113.34251936489228        4.2235798453279001       -4.6619096652785537      -0.43832981995065357        339.98134042786904        13384242.582714027     
   113.68913257395921        3.9990201322608478       -4.6622081221624168      -0.66318798990156913        321.90517872369588        9669743.9532981310     
   114.03574578302616        4.0617602053405157       -4.5313143944442089      -0.46955418910369306        326.95550449598210        17028458.986234643     
   114.38235899209312        4.2408388264701573       -4.5689670879050226      -0.32812826143486562        341.37061960762810        14354198.527159054     
   114.72897220116008        4.2630098164328274       -4.6409074757229316      -0.37789765929010405        343.15529591591661        12445300.151827740     
   115.07558541022702        4.0749054464052499       -4.6471593442897241      -0.57225389788447445        328.01364399874996        11242372.677218605     
   115.42219861929395        4.1975975835124038       -4.6421987693858009      -0.44460118587339720        337.88987192890085        10250286.187813047     
   115.76881182836091        3.9990368071793787       -4.7248130047228800      -0.72577619754350131        321.90652098816378        7142459.9981454713     
   116.11542503742785        4.2493458888385520       -4.5996891803736029      -0.35034329153505045        342.05540421524239        14916304.831997465     
   116.46203824649481        4.3243270212928371       -4.6531523324341100      -0.32882531114127367        348.09108646872380        13957884.429195710     
   116.80865145556177        3.8273937068641048       -4.7095684224932697      -0.88217471562916461        308.08993566068750        8066163.9550760491     
   117.15526466462870        3.9330009645925590       -4.6303469966281607      -0.69734603203560153        316.59089890899651        13564279.260557154     
   117.50187787369565        3.8412523262139140       -4.6399376557165422      -0.79868532950262872        309.20549927155173        12220551.065615362     
   117.84849108276261        4.1322520114624579       -4.6335045341341505      -0.50125252267169251        332.62981387621795        15853118.583654758     
   118.19510429182955        4.1153083849727770       -4.5307410162245692      -0.41543263125179253        331.26591948884339        21275129.349703565     
   118.54171750089651        4.1932211290152104       -4.7243981305759206      -0.53117700156070946        337.53758478842616        11320729.098405097     
   118.88833070996347        4.1505123687029757       -4.7142448020879026      -0.56373243338492685        334.09969983994381        10935296.736782119     
   119.23494391903040        4.2533441001061041       -4.6736440524966172      -0.42029995239051315        342.37724428358155        17565814.254382830     
   119.58155712809734        4.2874888340607509       -4.6749008408526702      -0.38741200679191956        345.12575925040409        19040360.748968903     
   119.92817033716430        4.2849756931381062       -4.5788557024642698      -0.29388000932616326        344.92346142466039        22875808.763866935     
   120.27478354623126        3.9922274588103059       -4.7094140716046518      -0.71718661279434581        321.35839558963039        11213397.431076171     
   120.62139675529821        4.2288395851268623       -4.7823270145097334      -0.55348742938287165        340.40472851395702        7026917.8860425800     
   120.96800996436514        4.2782143172505220       -4.7893243213593006      -0.51111000410877871        344.37919761964662        6495163.8960148003     
   121.31462317343210        3.9244321234590860       -4.6691185111931093      -0.74468638773402307        315.90114135707188        12210282.116355913     
   121.66123638249904        3.8649936138174410       -4.7813462454941345      -0.91635263167669334        311.11657828000466        7244555.3351997836     
   122.00784959156600        4.1861993261893637       -4.7321884451371306      -0.54598911894776714        336.97235765306317        10585884.179484827     
   122.35446280063296        3.9609037111198724       -4.7015004599826078      -0.74059674886273563        318.83695877133556        13310874.950649213     
   122.70107600969989        4.3961052672303280       -4.6552602783953949      -0.25915501116506717        353.86894912577390        18621283.878678314     
   123.04768921876683        4.1789699990647513       -4.7996606083907141      -0.62069060932596232        336.39042563893634        10300812.934753096     
   123.39430242783379        4.2645124703716482       -4.8313067955089046      -0.56679432513725658        343.27625356772580        7094105.3593886225     
   123.74091563690074        3.8462793078660398       -4.8425113702378173      -0.99623206237177730        309.61015125469982        4764383.9748215592     
   124.08752884596770        4.2864361748446820       -4.8335787663588610      -0.54714259151417888        345.04102437989167        7712429.8653709274     
   124.43414205503463        3.7543626853477035       -4.7405594901239452      -0.98619680477624183        302.21122956367151        10683494.914095143     
   124.78075526410159        4.4647274431250015       -4.6107961618508080      -0.14606871872580673        359.39276072591582        24077699.702084389     
   125.12736847316853        4.1092466341637168       -4.6334215033933202      -0.52417486922960321        330.77797271362533        20381854.944680274     
   125.47398168223549        3.9776110998333252       -4.6444124320179894      -0.66680133218466453        320.18183695947550        19306464.183208641     
   125.82059489130245        3.9093512650815812       -4.6168925100605476      -0.70754124497896653        314.68719237688185        20403590.739450745     
   126.16720810036936        4.6146949074836092       -4.5233434552744747        9.1351452209134459E-002   371.46454376787938        30399048.992144164     
   126.51382130943632        4.2336096930014584       -4.4697384391946438      -0.23612874619318538        340.78870318203036        30368848.510392681     
   126.86043451850328        3.9051142935923848       -4.5928472950561616      -0.68773300146377669        314.34613306250782        22755385.476600766     
   127.20704772757023        4.3782848299878108       -4.5839837709004057      -0.20569894091259566        352.43447496816469        25987006.191116124     
   127.55366093663719        4.5310968077832783       -4.6966388012142319      -0.16554199343095374        364.73523000226390        20842565.677578911     
   127.90027414570412        4.5147145242036766       -4.5645859908265631       -4.9871466622886773E-002   363.41652148138115        26140279.220514189     
   128.24688735477108        4.0972266618455526       -4.5642601518329800      -0.46703348998742716        329.81041285912039        23851357.015036982     
   128.59350056383803        3.7884378353439794       -4.5832797363794953      -0.79484190103551600        304.95414329923875        19553171.581221506     
   128.94011377290497        3.6825465800410342       -4.5950646102824342      -0.91251803024140032        296.43031937832734        19859855.742119942     
   129.28672698197192        4.2303725850826526       -4.6443218549595517      -0.41394926987689951        340.52812889915919        21419915.074813068     
   129.63334019103885        4.5521036428559229       -4.6146762168064557       -6.2572573950532936E-002   366.42619648275911        21139520.515146118     
   129.97995340010581        4.4384417670870349       -4.4821312212801390       -4.3689454193103792E-002   357.27686859158672        30264216.553088553     
   130.32656660917277        3.8928053913790928       -4.7459538939231649      -0.85314850254407248        313.35531550325180        11255624.697621707     
   130.67317981823973        3.7324971639655282       -4.7997859816543480       -1.0672888176888200        300.45114225837546        6716028.4354449939     
   131.01979302730666        4.2211443748760296       -4.7091823940677351      -0.48803801919170531        339.78529476539262        13344833.531562846     
   131.36640623637359        4.0752919084551946       -4.6898622543678261      -0.61457034591263227        328.04475265315597        12297896.867356397     
   131.71301944544055        4.0010912552908939       -4.6590058115294912      -0.65791455623859751        322.07189587117091        14435158.554404937     
   132.05963265450751        4.3094658249788100       -4.6927537768633325      -0.38328795188452258        346.89481940897031        15220178.994276125     
   132.40624586357447        4.3404979305934361       -4.5925591368430014      -0.25206120624956524        349.39278020278141        21134885.574867833     
   132.75285907264143        4.1042119853080603       -4.6696242552566423      -0.56541226994858196        330.37270355115805        15077222.984176869     
   133.09947228170836        4.1216149397360109       -4.5664164911914007      -0.44480155145539019        331.77357200647197        21439869.663372967     
   133.44608549077529        4.3895482644343540       -4.7058433285048817      -0.31629506407052799        353.34113653991011        12493780.590740515     
   133.79269869984225        4.2281581726141884       -4.7648068630990412      -0.53664869048485297        340.34987752310872        9033351.8146803044     
   134.13931190890921        4.1069725013670046       -4.7088830467454441      -0.60191054537843935        330.59491408922344        13016382.146615809     
   134.48592511797617        4.0051044725092568       -4.5859705588259914      -0.58086608631673498        322.39494385872973        19011633.163552776     
   134.83253832704310        4.2421165050470124       -4.6337289561347070      -0.39161245108769505        341.47346763965373        17652722.762989521     
   135.17915153611006        3.7952858658818238       -4.5782450222340980      -0.78295915635227464        305.50538245815335        18855560.839861318     
   135.52576474517699        3.7357331073762499       -4.5359598871709998      -0.80022677979475032        300.71162280298802        20290768.697750121     
   135.87237795424394        4.3659213676177053       -4.4806424603439448      -0.11472109272623897        351.43926553378702        27415980.023138102     
   136.21899116331090        4.5706191686127502       -4.4643282945833462       0.10629087402940439        367.91662249482954        29110214.804296959     
   136.56560437237783        4.5690368107708865       -4.6218584096172943       -5.2821598846407976E-002   367.78924899656158        20625383.318867531     
   136.91221758144479        4.0644945513242448       -4.6805139699702458      -0.61601941864600174        327.17560844731850        13609189.990213262     
   137.25883079051175        4.7089006875559045       -4.8172032789266108      -0.10830259137070589        379.04773351637232        11044572.287277928     
   137.60544399957871        4.3502431300460200       -4.7610651118393639      -0.41082198179334423        350.17722990989216        9949147.1112953480     
   137.95205720864564        4.0769162141775501       -4.6358200270278287      -0.55890381285027857        328.17550278858005        16192002.460511399     
   138.29867041771257        4.1155898234372668       -4.6792565863458577      -0.56366676290859119        331.28857416329237        15703209.815662706     
   138.64528362677953        4.2512171416778957       -4.7650412927406522      -0.51382415106275681        342.20603260913981        12214404.174547853     
   138.99189683584649        4.5452297086837836       -4.5156702984654578        2.9559410218326303E-002   365.87287218454753        28334397.741614085     
   139.33851004491345        4.0254045308206026       -4.4302296838185713      -0.40482515299796873        324.02901762747587        32764638.498282213     
   139.68512325398041        4.4604005171249508       -4.7177111283458144      -0.25731061122086291        359.04446043201790        19711074.529756498     
   140.03173646304734        4.2497672848170644       -4.5851701652229346      -0.33540288040587030        342.08932491163552        26291463.233615167     
   140.37834967211427        3.9684502329718554       -4.5251106051734462      -0.55666037220159081        319.44442369653251        24963764.227303114     
   140.72496288118123        4.1181030812124186       -4.6206102183740878      -0.50250713716166917        331.49088139519716        22070871.548551202     
   141.07157609024819        4.1871599829505168       -4.6873601891277161      -0.50020020617719929        337.04968669271875        18875967.994566984     
   141.41818929931515        4.1010952111621615       -4.6781260031999814      -0.57703079203782015        330.12181565730043        17270922.515986066     
   141.76480250838208        3.9567115912150164       -4.6650470980268484      -0.70833550681183177        318.49950983070198        15097922.126756392     
   142.11141571744903        4.2165580644641008       -4.7655319780541099      -0.54897391359000902        339.41611506036344        12508856.772162613     
   142.45802892651596        4.3231241701622372       -4.6985861872164740      -0.37546201705423682        347.99426174782531        16712966.895727310     
   142.80464213558292        4.2880784183292349       -4.7207575289960237      -0.43267911066678905        345.17321843366449        13463877.957351713     
   143.15125534464988        4.2850442102000299       -4.8118026764035822      -0.52675846620355260        344.92897677500486        10094905.581133801     
   143.49786855371681        4.1524309638985040       -4.7320917209158360      -0.57966075701733200        334.25413910478591        12369558.784192024     
   143.84448176278377        4.0959172062072797       -4.7435508399213120      -0.64763363371403226        329.70500690032856        10899443.595595473     
   144.19109497185073        3.7989729525617442       -4.5964675599242373      -0.79749460736249278        305.80217823747307        16807965.526098289     
   144.53770818091766        4.4278474732119859       -4.7572751384583754      -0.32942766524638989        356.42407016834619        12306711.126642080     
   144.88432138998462        4.0436406687773214       -4.6265139668227580      -0.58287329804543631        325.49695403540505        15308130.878340885     
   145.23093459905155        4.0205062516607351       -4.6580158900438384      -0.63750963838310282        323.63472568188769        14357011.974906029     
   145.57754780811851        4.0446112336308673       -4.6455412063252677      -0.60092997269440063        325.57508063700016        15133668.085728543     
   145.92416101718547        4.1396132315640228       -4.8059981290498026      -0.66638489748577967        333.22236274920380        6845736.2464829134     
   146.27077422625243        4.1001656190115128       -4.7837927233444848      -0.68362710433297169        330.04698719495269        5713981.9988028686     
   146.61738743531936        3.7620849191483066       -4.8143853338558902       -1.0523004147075834        302.83283860026421        4969289.5189311570     
   146.96400064438629        4.1700155469408191       -4.9003116986570303      -0.73029615171621132        335.66962793950148        3379816.0808469453     
   147.31061385345325        4.0665186495181116       -4.7641225001318261      -0.69760385061371433        327.33854028294365        10616089.276273968     
   147.65722706252021        3.9347914566642204       -4.8094836874041906      -0.87469223073997027        316.73502638304495        8744877.4972070828     
   148.00384027158717        4.3325275559261947       -4.7411386899623045      -0.40861113403610977        348.75119681562734        17424639.493453074     
   148.35045348065412        4.1416388053582782       -4.6101613930031666      -0.46852258764488880        333.38541336477772        23544492.297720242     
   148.69706668972105        4.0248436315703566       -4.7404539208002658      -0.71561028922990944        323.98386747383199        13267687.629842138     
   149.04367989878799        4.4558441199951346       -4.8722471548658000      -0.41640303487066516        358.67768862695061        10836925.942579895     
   149.39029310785494        4.2152459518752536       -4.8174261880455145      -0.60218023617026062        339.31049522764209        12071800.026731892     
   149.73690631692190        3.8052646326040414       -4.8614859294228712       -1.0562212968188303        306.30863339936366        6573814.7798742754     
   150.08351952598886        3.8408665107126012       -4.7167218161547968      -0.87585530544219581        309.17444266173317        13695709.350411452     
   150.43013273505579        4.0612059031374645       -4.7548824560857819      -0.69367655294831687        326.91088537833861        12866517.832566904     
   150.77674594412275        4.0420473056460677       -4.7834874993308762      -0.74144019368480885        325.36869465521335        9143804.1584952511     
   151.12335915318971        4.4794226044130152       -4.7019415583699944      -0.22251895395697902        360.57566262796689        16401796.535393033     
   151.46997236225664        4.5027749910331138       -4.8315788547189422      -0.32880386368582831        362.45543665759089        10737086.066690102     
   151.81658557132360        3.9978474770446115       -4.6852925066374782      -0.68744502959286624        321.81078465352891        13807899.829816610     
   152.16319878039053        4.2387579193429108       -4.7531917186942678      -0.51443379935135725        341.20311487933236        11158002.109802717     
   152.50981198945749        4.0126280924722906       -4.7346758893665308      -0.72204779689424026        323.00056527316366        8039227.9076674776     
   152.85642519852445        4.3580253618651330       -4.8331330368654912      -0.47510767500035794        350.80366854779533        2929486.2732730010     
   153.20303840759141        4.1665992295605676       -4.7625631339106205      -0.59596390435005320        335.39462800939481        8112892.8754199790     
   153.54965161665834        3.9057520630417839       -4.6522557805093596      -0.74650371746757582        314.39747096074370        13054461.018077964     
   153.89626482572527        4.0801994298852389       -4.6761931601740363      -0.59599373028879798        328.43978856464952        9594411.8262838330     
   154.24287803479223        4.3287996400016731       -4.7793710076225233      -0.45057136762085082        348.45111444488123        6264306.3554844800     
   154.58949124385919        4.0190176451148893       -4.6374780451504787      -0.61846040003558866        323.51489878921365        13428904.288747175     
   154.93610445292614        4.2960615082590223       -4.7385816635048874      -0.44252015524586436        345.81582534876469        10357095.629878907     
   155.28271766199310        4.2468793936239813       -4.7142611008433697      -0.46738170721938799        341.85686118304750        12132446.921280120     
   155.62933087106003        3.8873054629596107       -4.6477498945409277      -0.76044443158131725        312.91259319071366        13093660.774229744     
   155.97594408012696        4.2905067373931960       -4.7101090073138536      -0.41960226992065747        345.36868843792297        12210865.969576463     
   156.32255728919392        4.1458893589729451       -4.7487436159824190      -0.60285425700947448        333.72756598610755        8423203.6074309461     
   156.66917049826088        3.7576798108529266       -4.8224528900967512       -1.0647730792438250        302.47824494326255        2660258.6252649790     
   157.01578370732784        3.9390154614619730       -4.8240348491032483      -0.88501938764127541        317.07504193044895        2326216.3823339795     
   157.36239691639477        4.1860637979535662       -4.7366311674511286      -0.55056736949756313        336.96144817035895        8752590.0591500606     
   157.70901012546173        3.8461686661199628       -4.8292263682964087      -0.98305770217644606        309.60124503520922        1144297.9704812602     
   158.05562333452866        3.9872870496479353       -4.5812489336556279      -0.59396188400769234        320.96071234679016        14229625.484644275     
   158.40223654359562        4.3127875858362268       -4.7907985603540304      -0.47801097451780339        347.16220791593429        3238708.2602642728     
   158.74884975266258        3.9109956550359990       -4.7772850217850626      -0.86628936674906332        314.81955921292200        3250162.5660695909     
   159.09546296172951        4.5077594935082619       -4.6969562128197460      -0.18919671931148410        362.85666923633363        14190532.872105813     
   159.44207617079647        4.2263008800166242       -4.8098214697679476      -0.58352058975132359        340.20037287302256        7321953.0202303501     
   159.78868937986343        4.3893122600135817       -4.7437760506450566      -0.35446379063147498        353.32213912485952        11248910.818233956     
   160.13530258893036        4.2196978863450179       -4.7559437037259098      -0.53624581738089161        339.66885820501113        9848963.8377621695     
   160.48191579799732        4.0124544789228400       -4.7224701844025789      -0.71001570547973913        322.98659007453591        8380150.0435822373     
   160.82852900706425        4.6130796329042525       -4.6886807889359519       -7.5601156031699965E-002   371.33452060346440        12772539.731858559     
   161.17514221613121        4.7572054623501536       -4.7338488252946131        2.3356637055540481E-002   382.93607532238360        10107305.221973130     
   161.52175542519817        4.3805787037683377       -4.8272115978822701      -0.44663289411393248        352.61912266306712        2969556.6821224969     
   161.86836863426512        4.0272748894394574       -4.7544264720339076      -0.72715158259445023        324.17957404018881        5606617.2992795222     
   162.21498184333208        3.8261058638158283       -4.7545207911330030      -0.92841492731717490        307.98626942923261        7067852.1370642222     
   162.56159505239899        4.2941097696188049       -4.8018795705457320      -0.50776980092692714        345.65871816875000        9873043.3931479771     
   162.90820826146594        4.0417230950375176       -4.6442250770626989      -0.60250198202518102        325.34259699367686        20382075.081194382     
   163.25482147053290        4.1346823288148213       -4.6255394705001924      -0.49085714168537131        332.82544473472666        22324193.292045400     
   163.60143467959986        3.9072237674638934       -4.7378743749930674      -0.83065060752917363        314.51593729983654        11745147.900606692     
   163.94804788866682        3.9341427253007990       -4.7664705058665637      -0.83232778056576440        316.68280609442945        7993196.7136771102     
   164.29466109773375        3.9843337924824476       -4.6840201330162339      -0.69968634053378620        320.72298691800216        15003044.272063442     
   164.64127430680071        4.1103869531799466       -4.7129350725968484      -0.60254811941690234        330.86976384859861        20407213.302435875     
   164.98788751586764        4.3285027052392495       -4.6612992824412594      -0.33279657720200967        348.42721238022398        23355726.730827991     
   165.33450072493460        3.8478466685798911       -4.5876358380996756      -0.73978916951978479        309.73631754394819        24975351.681651656     
   165.68111393400156        4.2894473193841565       -4.4729666900584117      -0.18351937067425572        345.28340951151989        34032675.599310346     
   166.02772714306849        3.9258990234732201       -4.5118968566877324      -0.58599783321451215        316.01922096047531        30089313.702853855     
   166.37434035213545        4.1601688334338158       -4.6514687371713448      -0.49129990373752913        334.87700675569141        25654869.125186414     
   166.72095356120241        4.3251913113345770       -4.8360624950966713      -0.51087118376209451        348.16065837162847        15686806.903486896     
   167.06756677026934        4.4034785217649937       -4.7023135222796357      -0.29883500051464246        354.46246672264948        22570501.988581728     
   167.41417997933630        3.8550543745182031       -4.7268916238068357      -0.87183724928863260        310.31650913876979        17001176.998850893     
   167.76079318840323        4.3308044630748910       -4.7593922058258453      -0.42858774275095457        348.61249471013355        18852677.767339621     
   168.10740639747019        4.5621381540197179       -4.8279238664987059      -0.26578571247898769        367.23393462929357        15428260.687205048     
   168.45401960653714        3.9103336504600423       -4.6450605156922435      -0.73472686523220132        314.76627048361058        21418584.335858699     
   168.80063281560410        3.9682404171309771       -4.6976278104621176      -0.72938739333114078        319.42753435776370        15793076.229664091     
   169.14724602467103        4.3538208148174622       -4.8706410094955643      -0.51682019467810247        350.46521927170534        7945147.4244568208     
   169.49385923373796        4.1177531463685932       -4.6730274423587188      -0.55527429599012568        331.46271303526953        14733846.383054931     
   169.84047244280492        4.1951438933789351       -4.7929378416855268      -0.59779394830659183        337.69235965468783        8704869.5594924670     
   170.18708565187188        4.5382593880360380       -4.7700748636958910      -0.23181547565985242        365.31178915929019        12338437.412644960     
   170.53369886093884        4.0246015076720409       -4.7547770737434032      -0.73017556607136180        323.96437746523424        9625170.6265668683     
   170.88031207000580        4.2411379393823365       -4.7790995878404532      -0.53796164845811756        341.39469700465764        7280451.9687576834     
   171.22692527907273        3.9686650613062295       -4.7152449500657099      -0.74657988875948011        319.46171652104556        11722230.741472689     
   171.57353848813966        3.9017948877391646       -4.6949013490392142      -0.79310646130005003        314.07893412399346        13239596.849025130     
   171.92015169720662        4.0364619693590216       -4.8285900047292687      -0.79212803537024701        324.91909734981124        6509032.0834602471     
   172.26676490627358        4.3269683803927377       -4.6729069249267283      -0.34593854453399120        348.30370534660034        18412357.369537283     
   172.61337811534054        4.1433006625967952       -4.7559635684068633      -0.61266290581006810        333.51918624755530        11139377.551168598     
   172.95999132440747        4.1201314727124538       -4.8304332200507156      -0.71030174733826223        331.65415882485371        9200442.5945156515     
   173.30660453347443        4.1811001904882543       -4.8460860393912908      -0.66498584890303580        336.56189755661103        9454925.6355886571     
