  0.34661320906694887        4.7926340020118410       -2.9265786825350992        1.8660553194767413        385.78793153078618        814399384.89549851     
  0.69322641813389774        4.3295787016340768       -5.3566773952458009       -1.0270986936117246        348.51382580059379        566067040.77984834     
   1.0398396272008466        4.2420424245035111       -6.2895091686510831       -2.0474667441475716        341.46750445122092        466230192.52387977     
   1.3864528362677955        3.6485759599531993       -7.1005474477786974       -3.4519714878254977        293.69581988368572        374725845.06600600     
   1.7330660453347442        4.3211159624728461       -7.4209124569994316       -3.0997964945265850        347.83260903446370        346630767.70719635     
   2.0796792544016931        4.2008435021578423       -7.6222099375928307       -3.4213664354349884        338.15115544014236        319670536.75279242     
   2.4262924634686422        3.7577214583854914       -7.6501947693938197       -3.8924733110083287        302.48159740360796        304943357.74471533     
   2.7729056725355909        4.0361454288113308       -7.9799421197490750       -3.9437966909377447        324.89361709759748        275669985.28795230     
   3.1195188816025397        3.8706468923498920       -7.8843611420764796       -4.0137142497265881        311.57164466531304        280922055.44144005     
   3.4661320906694884        4.0408677511430167       -7.9981885226249760       -3.9573207714819594        325.27374521996148        270340561.12639499     
   3.8127452997364375        4.2195773391601525       -8.1657344274858339       -3.9461570883256800        339.65915463718568        250917669.26593792     
   4.1593585088033862        4.1321227158098921       -7.9481559873813490       -3.8160332715714573        332.61940609161803        267667640.15773189     
   4.5059717178703353        4.1625115301286550       -8.3838764494885396       -4.2213649193598846        335.06558450056542        225558769.44909662     
   4.8525849269372845        3.8677123369400261       -8.4810837484058865       -4.6133714114658613        311.33542465329890        212734952.80485824     
   5.1991981360042328        4.3890404033959554       -8.4012207485514310       -4.0121803451554756        353.30025575088547        223483949.34412470     
   5.5458113450711819        3.7450765567422666       -8.4797778624954461       -4.7347013057531786        301.46373322968975        205930869.67391163     
   5.8924245541381302        4.1325224447257449       -8.4730580080947888       -4.3405355633690430        332.65158267584189        211946469.53330725     
   6.2390377632050793        4.1058470531087012       -8.5386577109565831       -4.4328106578478810        330.50431999098151        204016136.70770350     
   6.5856509722720284        4.1287170810174061       -8.5821027939965528       -4.4533857129791476        332.34526606724080        202225832.09167740     
   6.9322641813389767        4.0738115325741067       -8.8745696634794875       -4.8007581309053817        327.92558829618378        171788506.67909956     
   7.2788773904059259        4.2177980152050516       -8.7022200085771964       -4.4844219933721439        339.51592615199917        187684569.48586690     
   7.6254905994728750        4.0982442079380572       -8.6366236581274407       -4.5383794501893835        329.89232126316284        192702963.20946404     
   7.9721038085398241        4.0755297596343079       -8.6020362134032897       -4.5265064537689819        328.06389872489103        199901024.17009318     
   8.3187170176067724        4.1933420398573666       -8.6878071014462339       -4.4944650615888673        337.54731762921381        191888970.13087836     
   8.6653302266737207        4.1940016983855202       -8.6051716086603580       -4.4111699102748370        337.60041751102960        198826622.44680363     
   9.0119434357406707        4.1584919868765180       -8.7663858895213806       -4.6078939026448626        334.74202729250624        180184842.81978098     
   9.3585566448076190        4.2274655882578376       -8.4904016154181257       -4.2629360271602890        340.29412724338050        207141284.72931451     
   9.7051698538745690        3.5482769955771123       -8.6773642242028419       -5.1290872286257292        285.62215308895702        180423828.76897007     
   10.051783062941515        3.8405782854627604       -8.4610969169571302       -4.6205186314943703        309.15124167811865        202935856.60229614     
   10.398396272008466        4.2015536143544168       -8.6382132460692844       -4.4366596317148668        338.20831664113467        189789192.30683190     
   10.745009481075414        3.9405548628479639       -8.6805694844841437       -4.7400146216361794        317.19895760526322        178957489.73579073     
   11.091622690142364        3.9922507232436408       -8.7964205113864935       -4.8041697881428522        321.36026828377118        164947472.82723469     
   11.438235899209312        3.6744828941685044       -8.7209603759704315       -5.0464774818019267        295.78122481112877        169273233.69180664     
   11.784849108276260        4.0852285802349497       -8.8152926531191120       -4.7300640728841632        328.84461511930778        170332540.63854894     
   12.131462317343209        3.9624349992209846       -8.4744246169388440       -4.5119896177178598        318.96022135906037        199094862.30579013     
   12.478075526410159        4.1421549141548670       -8.8286087333789620       -4.6864538192240941        333.42695806545743        166897153.99759910     
   12.824688735477107        3.8910508550958456       -8.5609466924869118       -4.6698958373910662        313.21408232683450        191175005.28148505     
   13.171301944544057        3.9375771096023997       -8.6228413967834339       -4.6852642871810337        316.95926033968163        185895246.80804652     
   13.517915153611005        3.9856286561365386       -8.6046315429985611       -4.6190028868620221        320.82721828023779        190344448.17810777     
   13.864528362677953        4.0114089112954758       -8.3216614365450816       -4.3102525252496067        322.90242604864386        215980410.35668325     
   14.211141571744902        3.9371785146266509       -8.7104206216173576       -4.7732421069907076        316.92717503311576        176277304.74705401     
   14.557754780811852        4.0739535583894275       -8.5762249801934445       -4.5022714218040170        327.93702080813722        192683528.32822287     
   14.904367989878800        4.3307565860379356       -8.6588565918167948       -4.3281000057788592        348.60864079951841        191716153.71191576     
   15.250981198945750        4.2837397533575388       -8.5597201177044155       -4.2759803643468759        344.82397319934597        200508749.84537086     
   15.597594408012698        4.1490021770026217       -8.7714487997615116       -4.6224466227588898        333.97813542838020        178918516.26607046     
   15.944207617079648        4.2004856212231205       -8.6399932373014163       -4.4395076160782958        338.12234745157440        193471114.04253829     
   16.290820826146597        4.4844321670693637       -8.6845959724490971       -4.2001638053797343        360.97891245139488        191399963.69774318     
   16.637434035213545        4.1639674513931366       -8.7363097270310828       -4.5723422756379462        335.18278035838819        179929189.77215365     
   16.984047244280493        3.9208969692915820       -8.4292132864405271       -4.5083163171489451        315.61657553932923        207577201.28812748     
   17.330660453347441        3.9369740945035088       -8.5237411099047229       -4.5867670154012146        316.91072002811495        199445963.46565342     
   17.677273662414393        4.4514258101642259       -8.4715249260296606       -4.0200991158654347        358.32203229896623        209024253.97170782     
   18.023886871481341        4.1305936681868500       -8.8165948833416063       -4.6860012151547572        332.49632385344626        165622466.60188800     
   18.370500080548286        4.2587717277822605       -8.8076715690113332       -4.5488998412290718        342.81414667450576        169870283.35346237     
   18.717113289615238        4.1230447093552272       -8.8302662468155706       -4.7072215374603443        331.88866276110321        165918282.37712133     
   19.063726498682186        4.0894373971431550       -8.9802304562913626       -4.8907930591482085        329.18340810214909        148172827.05954981     
   19.410339707749138        4.3332929867514416       -8.8410689181010262       -4.5077759313495847        348.81281094570238        166538630.46275333     
   19.756952916816083        4.0827721556788017       -8.7018716045272395       -4.6190994488484378        328.64688273496967        176620789.25949937     
   20.103566125883031        4.0132047233208956       -8.6345232704987183       -4.6213185471778235        323.04698175776207        181543933.98467371     
   20.450179334949983        4.1339964498751449       -9.0292947294723334       -4.8952982795971884        332.77023421430988        145470108.70720330     
   20.796792544016931        4.0798561444436272       -8.9362206529309169       -4.8563645084872897        328.41215545509266        154232368.58684182     
   21.143405753083879        4.0194881030925131       -8.8916919921257414       -4.8722038890332273        323.55276878095162        160070313.24095780     
   21.490018962150828        3.8246449320720752       -8.8988306664059849       -5.0741857343339092        307.86867024780264        155884066.65820473     
   21.836632171217776        3.8603367065681189       -8.8946469983204821       -5.0343102917523623        310.74171581099642        152154092.71337298     
   22.183245380284728        4.1238713092769936       -8.8264326380214140       -4.7025613287444212        331.95520075960013        159462459.89922205     
   22.529858589351676        4.1907566972114640       -8.9974391220846286       -4.8066824248731645        337.33920785257686        143673749.19619629     
   22.876471798418624        4.0629440376217358       -8.9151386939697943       -4.8521946563480594        327.05079827532330        151748426.81933448     
   23.223085007485572        4.2254034403058860       -8.7156717209142478       -4.4902682806083627        340.12813255391330        175279167.76933581     
   23.569698216552521        4.2882403040170791       -8.6901265973041095       -4.4018862932870304        345.18624958618557        179659520.33976170     
   23.916311425619472        4.0102286113579773       -8.7026462122811665       -4.6924176009231884        322.80741660889061        176076166.08295161     
   24.262924634686417        4.3906411023330998       -8.7694478353739420       -4.3788067330408422        353.42910563420747        168677045.02876464     
   24.609537843753369        3.9521858187330996       -8.8863346792754392       -4.9341488605423391        318.13520318770674        153593655.25612953     
   24.956151052820317        4.1156286601193210       -8.7879799316362668       -4.6723512715169457        331.29170036137702        165308817.44394997     
   25.302764261887265        3.9554264648286575       -8.6897240106204627       -4.7342975457918062        318.39606227970160        179260943.04370451     
   25.649377470954214        3.9206941425960578       -8.7881827939057953       -4.8674886513097375        315.60024879889949        168900831.85872051     
   25.995990680021162        3.9954135534018413       -8.9576508460676916       -4.9622372926658507        321.61486350301874        148165044.86531258     
   26.342603889088114        4.2710035690956785       -8.8062961727253324       -4.5352926036296530        343.79876113852185        167504632.28003672     
   26.689217098155062        3.8749288891494778       -8.6202701571879583       -4.7453412680384810        311.91632833768193        181042502.77056131     
   27.035830307222010        4.2730400522803897       -8.8109455199869817       -4.5379054677065911        343.96268991653773        166924296.56261867     
   27.382443516288959        4.2353261141414063       -8.8315329624326715       -4.5962068482912644        340.92686824135643        162589037.59914342     
   27.729056725355907        3.9359285977591676       -8.7025405578454276       -4.7666119600862595        316.82656170802369        177553061.01155868     
   28.075669934422855        4.2701423226250395       -8.7613528388462250       -4.4912105162211855        343.72943423095779        174197409.91883177     
   28.422283143489803        4.2244279527215722       -8.7518939348337117       -4.5274659821121404        340.04960969211572        173998416.51970750     
   28.768896352556755        4.1671019883819795       -8.8435988110230834       -4.6764968226411039        335.43509809029189        162209448.75141144     
   29.115509561623703        3.9425820126141624       -8.8193798633701643       -4.8767978507560015        317.36213508029601        163519171.41711336     
   29.462122770690652        3.8480997243940820       -8.9594629610124024       -5.1113632366183204        309.75668752819433        147359813.24889219     
   29.808735979757600        4.2688862992719505       -8.8211038046826857       -4.5522175054107361        343.62832935811770        165317701.66975042     
   30.155349188824552        4.1792525898416644       -8.6559886539440622       -4.4767360641023970        336.41317306994171        179344821.21981791     
   30.501962397891500        3.7978907872170025       -8.6963822509549242       -4.8984914637379218        305.71506824122736        173022258.28454304     
   30.848575606958448        4.1402300199670954       -8.8039308661266507       -4.6637008461595562        333.27201175685036        163166706.28146124     
   31.195188816025397        3.7848403837757396       -8.7732600049826761       -4.9884196212069360        304.66456278908277        161290701.27552691     
   31.541802025092341        4.0962892468155054       -8.7740850746108219       -4.6777958277953156        329.73495468616665        165267014.43452343     
   31.888415234159297        3.9614302679559539       -8.9546782608217743       -4.9932479928658209        318.87934449754374        149581918.17344639     
   32.235028443226241        4.4971916508812821       -8.8027312746689965       -4.3055396237877144        362.00600003311598        171057218.05161998     
   32.581641652293193        4.2132617679090947       -8.8843765947754569       -4.6711148268663614        339.15077632823113        158826719.15387625     
   32.928254861360138        4.3122036454810377       -8.8220627972516343       -4.5098591517705957        347.11520304519490        165968084.53867677     
   33.274868070427090        4.2573298851283807       -8.8130793172489028       -4.5557494321205212        342.69808408871268        167254761.03348276     
   33.621481279494041        4.2991378056627587       -8.9005860873202121       -4.6014482816574542        346.06345502623691        158351448.74823970     
   33.968094488560986        4.4428247754445485       -9.1401562783499415       -4.6973315029053930        357.62968329169053        130690182.58037405     
   34.314707697627938        4.0044507067296129       -8.8770840594826605       -4.8726333527530485        322.34231831967782        158701117.90671483     
   34.661320906694883        4.0644547546824779       -8.9693430937297567       -4.9048883390472788        327.17240497630394        148114668.85778654     
   35.007934115761834        3.9118738768905934       -8.8365759108625923       -4.9247020339719993        314.89025257122285        161719246.11346439     
   35.354547324828786        3.9513796147014131       -8.8834256318864515       -4.9320460171850380        318.07030697705397        154919062.77410391     
   35.701160533895731        4.2292326294563312       -8.9847442831061972       -4.7555116536498652        340.43636701562485        151637708.73776010     
   36.047773742962683        4.2985868122682271       -8.8029154047929961       -4.5043285925247698        346.01910225448881        171825138.98716989     
   36.394386952029627        4.7815461027639756       -8.8916384434117237       -4.1100923406477472        384.89539984277076        165455640.02505082     
   36.741000161096572        4.2145819497450283       -8.4855516244110110       -4.2709696746659827        339.25704570317515        204922583.73829788     
   37.087613370163531        4.0930843297643262       -8.7087594218035473       -4.6156750920392211        329.47697163981195        175799702.08296236     
   37.434226579230476        4.0638009880266663       -8.7567579512821574       -4.6929569632554911        327.11977936672400        170507343.72875589     
   37.780839788297428        4.2796067564799101       -8.7456501728445932       -4.4660434163646832        344.49128342671270        175132699.92915651     
   38.127452997364372        4.3060501477663218       -8.7017493712504077       -4.3956992234840859        346.61987100981662        177975868.94963109     
   38.474066206431317        3.9394280765724554       -8.4341648494548540       -4.4947367728823986        317.10825580197024        199585485.74556395     
   38.820679415498276        4.5667879658083956       -8.6874831788129363       -4.1206952130045407        367.60822594200567        186213224.00171635     
   39.167292624565221        4.0930674871282555       -8.5883261015723615       -4.4952586144441069        329.47561587475070        189954444.64022070     
   39.513905833632165        3.9370665286899307       -8.9010027798531830       -4.9639362511632523        316.91816061163695        157043585.65955779     
   39.860519042699117        4.1630994273197093       -8.9247031665721703       -4.7616037392524602        335.11290788081823        154226469.87795547     
   40.207132251766062        4.2441816180388416       -9.0235287769763417       -4.7793471589375010        341.63970100301111        146899225.85544983     
   40.553745460833021        4.2218574950327552       -8.9076235664948005       -4.6857660714620453        339.84269809518599        158732350.94994637     
   40.900358669899965        3.7041212361203653       -8.8672978560370890       -5.1631766199167233        298.16699318626667        154579453.75572371     
   41.246971878966910        4.0487235469403604       -8.9434737162667570       -4.8947501693263957        325.90610546485260        157802018.12292627     
   41.593585088033862        4.4953590601265532       -8.7805298595761201       -4.2851707994495660        361.85848378290524        179915192.85791758     
   41.940198297100807        4.0484713008925972       -8.5275349261725921       -4.4790636252799940        325.88580066357576        196550023.40805665     
   42.286811506167759        3.8130236133566577       -8.6921888496718402       -4.8791652363151830        306.93320041910317        178031030.62763423     
   42.633424715234710        4.1133391595638615       -8.3425110276623151       -4.2291718680984536        331.10740469365891        217654046.70156449     
   42.980037924301655        4.3035233820545438       -8.6018731394816186       -4.2983497574270757        346.41647644286229        192860894.96895799     
   43.326651133368607        4.4719181404915762       -8.6666418730215593       -4.1947237325299831        359.97158319851656        183644264.25668606     
   43.673264342435552        4.5776846584048343       -8.7869351049673803       -4.2092504465625469        368.48536625681839        174927726.53257474     
   44.019877551502503        4.5893144251979043       -8.7658915666495201       -4.1765771414516157        369.42151612209096        175299329.14166692     
   44.366490760569455        4.3137140212939524       -8.9126619270105802       -4.5989479057166287        347.23678227708569        157120203.52976444     
   44.713103969636400        4.0891044150253197       -9.0047982568235945       -4.9156938417982747        329.15660436908240        143345943.36746338     
   45.059717178703352        4.0418238670745739       -8.9404002751283116       -4.8985764080537386        325.35070874093645        148513323.90393931     
   45.406330387770296        4.2618499644811099       -8.8635450386831778       -4.6016950742020679        343.06193245750376        158987718.65374932     
   45.752943596837248        3.8597576454953657       -8.7525811670990201       -4.8928235216036544        310.69510370304215        167426883.68933061     
   46.099556805904200        3.9537407890039145       -8.6262222352117970       -4.6724814462078816        318.26037209568466        180286946.50164282     
   46.446170014971145        4.1641688264292513       -8.9072689463628869       -4.7431001199336356        335.19899024602239        154792395.05045673     
   46.792783224038089        3.9602144614185772       -8.9033749800015691       -4.9431605185829914        318.78147691804583        156246143.97947082     
   47.139396433105041        4.1254106656808842       -9.0288792997492759       -4.9034686340683917        332.07911281353461        143679595.27948514     
   47.486009642171993        4.2725194627643370       -9.1595785967753773       -4.8870591340110403        343.92078453580336        130248655.93896960     
   47.832622851238945        3.7405028412129231       -8.8271786394875669       -5.0866757982746442        301.09556736249965        154839289.03862035     
   48.179236060305890        4.2296019038343511       -9.0708935914019460       -4.8412916875675940        340.46609213095888        137245100.59801081     
   48.525849269372834        4.0087249491547645       -8.8221486681175527       -4.8134237189627873        322.68637779581729        157429712.76058629     
   48.872462478439786        3.9839494845740417       -8.9500199023188056       -4.9660704177447634        320.69205166340259        145468387.36166432     
   49.219075687506738        4.3441617243756685       -9.0212661766782283       -4.6771044523025598        349.68770099669337        142936104.15540415     
   49.565688896573683        4.2019399202350805       -8.9014082122802485       -4.6994682920451680        338.23941272453612        154529273.81633160     
   49.912302105640634        4.0819923335757835       -8.9562985070653873       -4.8743061734896047        328.58411016440425        152313384.86610404     
   50.258915314707579        4.4314139335316050       -8.9761475609698866       -4.5447336274382826        356.71115600653349        158607457.43469292     
   50.605528523774531        4.5320536287951390       -8.8820043187509281       -4.3499506899557900        364.81225027939246        166851064.49161679     
   50.952141732841483        4.1543525313428491       -8.9074282319039018       -4.7530757005610527        334.40881762380894        161639121.57206360     
   51.298754941908427        3.8591465931929343       -8.8072191046453856       -4.9480725114524517        310.64591642863030        169341436.95701948     
   51.645368150975379        4.0387044866358108       -8.7798553874611667       -4.7411509008253550        325.09961105089320        171507542.79123965     
   51.991981360042324        4.0668181089015789       -8.9441306314369271       -4.8773125225353482        327.36264556953068        153568355.40783578     
   52.338594569109276        3.9811215810171450       -9.0027485257530593       -5.0216269447359148        320.46441670038945        147678572.26864618     
   52.685207778176228        3.9681202700528386       -8.7418492031160753       -4.7737289330632375        319.41786299693473        169972843.55236113     
   53.031820987243172        3.8195259739583154       -8.6769684268451712       -4.8574424528868567        307.45661452615326        174769031.63509753     
   53.378434196310124        4.2918826034827635       -8.6524928197215782       -4.3606102162388156        345.47944017330155        187348261.51240754     
   53.725047405377069        4.1764204304191157       -8.7951348063910491       -4.6187143759719334        336.18519552670938        173884750.94592708     
   54.071660614444021        4.4575384490121612       -8.6993985692969975       -4.2418601202848363        358.81407535845085        185983690.52072334     
   54.418273823510972        4.0820118207808322       -8.7669472133897575       -4.6849353926089261        328.58567880672581        174320316.42378590     
   54.764887032577917        4.0234352499675294       -8.7336260323999291       -4.7101907824323987        323.87049836925769        170441838.70260826     
   55.111500241644869        4.1301557848754253       -8.8105363239297674       -4.6803805390543411        332.46107599247983        161670708.00479734     
   55.458113450711814        4.0419948346618613       -8.6789114383181811       -4.6369166036563199        325.36447095015808        173419510.27055040     
   55.804726659778765        4.0116223071286470       -8.8946502690700715       -4.8830279619414245        322.91960356252076        150794786.69048309     
   56.151339868845710        4.0951933138725902       -8.9951341177413937       -4.8999408038688026        329.64673645315196        143782144.36595097     
   56.497953077912662        4.0860924011643771       -8.7986931674140152       -4.7126007662496381        328.91414926054142        167675435.18276724     
   56.844566286979607        4.5349113847163665       -8.9119656611130189       -4.3770542763966525        365.04228823872910        157830533.78700542     
   57.191179496046558        4.3800640257880277       -8.7701185898094245       -4.3900545640213968        352.57769313739402        170403576.27488163     
   57.537792705113510        4.3040308941266092       -8.9225776995713169       -4.6185468054447076        346.45732914148829        156324976.61817926     
   57.884405914180455        4.0361167784575605       -8.9753051781973259       -4.9391883997397663        324.89131085833236        144095297.06920996     
   58.231019123247407        4.1139050010491882       -8.8558577012454709       -4.7419527001962827        331.15295267752469        157783858.80082372     
   58.577632332314352        4.2572816656813472       -8.9212467432773366       -4.6639650775959884        342.69420261545122        151702014.22062296     
   58.924245541381303        4.7975169047269413       -8.9258294204576529       -4.1283125157307117        386.18098573386823        160499070.99142826     
   59.270858750448255        4.4450956032991975       -8.8174144705804043       -4.3723188672812077        357.81247588143128        165687709.27288356     
   59.617471959515200        4.2832892792139869       -8.7275488110222383       -4.4442595318082523        344.78771182658602        172529765.32203636     
   59.964085168582152        4.0529411120966579       -8.6257026489645305       -4.5727615368678718        326.24560264679076        179735932.63639188     
   60.310698377649103        4.1633708115971571       -8.5924950195336951       -4.4291242079365380        335.13475323329089        182698088.19997135     
   60.657311586716048        4.4724149880045978       -8.8991185599913933       -4.4267035719867955        360.01157744265339        160745883.94854540     
   61.003924795783000        3.8171289878449830       -8.8480648055019557       -5.0309358176569718        307.26366669951301        160516058.70326787     
   61.350538004849945        4.2008404459314725       -9.0079685577019450       -4.8071281117704725        338.15090942610311        145939966.89168376     
   61.697151213916896        4.1789038135326599       -8.9886477809840528       -4.8097439674513929        336.38509796744876        146176409.78163266     
   62.043764422983848        4.3406609699784919       -8.4808335294736992       -4.1401725594952064        349.40590422332889        199084663.12446263     
   62.390377632050793        4.5952491291474677       -8.7059592848294134       -4.1107101556819456        369.89923613158641        181135983.60884643     
   62.736990841117745        4.1950593115693486       -9.0817284110373659       -4.8866690994680173        337.68555115619790        138456012.67403153     
   63.083604050184682        4.0930548849215436       -8.9724033195938340       -4.8793484346722913        329.47460144734856        151116627.24825427     
   63.430217259251641        4.2876677878375622       -8.9890407825945395       -4.7013729947569782        345.14016431604574        153557252.89217159     
   63.776830468318593        3.7392632786120390       -8.8621321736174146       -5.1228688950053760        300.99578751459188        156036756.98809525     
   64.123443677385538        4.3176827474161463       -8.8461218681036620       -4.5284391206875148        347.55624890876481        165482306.36206731     
   64.470056886452483        4.1604724541364870       -9.0409136316258447       -4.8804411774893577        334.90144701188547        147435942.31193128     
   64.816670095519427        4.1820618609851996       -8.7077859825890762       -4.5257241216038775        336.63930819795661        180056444.47522891     
   65.163283304586386        4.2381177757835777       -8.8355947947044626       -4.5974770189208849        341.15158587471109        167654782.34434655     
   65.509896513653331        4.0425436997169255       -8.7642757269942280       -4.7217320272773016        325.40865239906361        172366090.66322783     
   65.856509722720276        3.8361100300901541       -8.7424489295652528       -4.9063388994750996        308.79156493313337        171323449.83071691     
   66.203122931787235        4.2142602717895672       -8.7220214129664555       -4.5077611411768883        339.23115191011590        177784233.26195645     
   66.549736140854179        4.1490709135084334       -8.7308245942434137       -4.5817536807349803        333.98366844308288        175899619.40885723     
   66.896349349921124        4.0050460049040533       -8.8922971687497601       -4.8872511638457068        322.39023744958951        160171394.69468731     
   67.242962558988083        4.1104430985531692       -9.0074030297542755       -4.8969599312011054        330.87428332732196        148215486.75387090     
   67.589575768055028        4.0953146760572743       -8.9956589930520874       -4.9003443169948122        329.65650562521387        148250259.75651947     
   67.936188977121972        4.0795137242824264       -9.0849035667277587       -5.0053898424453331        328.38459199715930        136798541.01168838     
   68.282802186188917        4.3387216942318929       -8.8981849554938321       -4.5594632612619392        349.24980025656771        159352773.80025867     
   68.629415395255876        4.4238528152150405       -8.8029723962503290       -4.3791195810352876        356.10251612412594        167832708.06606233     
   68.976028604322821        4.1815980445592507       -8.9594952761138806       -4.7778972315546300        336.60197282465219        144130972.49017969     
   69.322641813389765        4.1033583087424619       -8.8153445519992211       -4.7119862432567601        330.30398599077256        158862480.33931175     
   69.669255022456724        4.6718342085002593       -8.9603950594872561       -4.2885608509869959        376.06402971633173        153115934.91853461     
   70.015868231523669        4.1031812907701015       -9.0181140846519270       -4.9149327938818255        330.28973674967222        139766238.45887497     
   70.362481440590614        4.2337942253746625       -9.0941811810151663       -4.8603869556405046        340.80355730244281        134420182.01098236     
   70.709094649657573        4.4262739338810455       -8.8180933019260053       -4.3918193680449606        356.29740652505291        166355050.96553844     
   71.055707858724517        4.2248236082865516       -8.7513768697071956       -4.5265532614206432        340.08145838783253        170192503.20302862     
   71.402321067791462        4.3823776616006827       -8.8406644613399905       -4.4582867997393079        352.76393159710216        162811189.05595410     
   71.748934276858407        4.3570667373166545       -8.8997823311188480       -4.5427155938021926        350.72650309315873        158266689.02203950     
   72.095547485925366        3.9195113498360215       -8.9010192708809903       -4.9815079210449689        315.50503869686952        149090687.97131103     
   72.442160694992310        3.8116410171504445       -8.9568767349735499       -5.1452357178231054        306.82190693616394        145851585.24949771     
   72.788773904059255        3.9133030405348319       -8.9960355360290833       -5.0827324954942510        315.00529454728411        144325177.05124372     
   73.135387113126214        4.3847687536299240       -9.0250392904237842       -4.6402705367938593        352.95640497346966        142978249.94754115     
   73.482000322193144        4.0062035378602419       -8.7373796646864079       -4.7311761268261669        322.48341423810683        168533983.79015598     
   73.828613531260103        4.2203819690886597       -8.7957698754205573       -4.5753879063318976        339.72392413880760        167107125.41476431     
   74.175226740327062        4.2334855636143613       -9.0352351201724979       -4.8017495565581356        340.77871126120550        143297244.27570847     
   74.521839949393993        4.3763426414813855       -8.8765928249907144       -4.5002501835093298        352.27813653584917        159054977.83290628     
   74.868453158460952        4.4638981352911902       -9.0290621935208062       -4.5651640582296151        359.32600475129442        146953588.60542566     
   75.215066367527896        3.8086178322081135       -8.9622400434701657       -5.1536222112620518        306.57855260010416        146295511.02906039     
   75.561679576594855        3.8639874718939371       -8.9142727104683193       -5.0502852385743822        311.03558786610444        150204453.08754477     
   75.908292785661800        3.9626410203933364       -8.9702636754090754       -5.0076226550157399        318.97680524214002        146828968.41535640     
   76.254905994728745        4.3551819910625520       -8.8121246215223916       -4.4569426304598405        350.57478853316400        165160245.21352914     
   76.601519203795704        3.7027861321561684       -8.8249194212373840       -5.1221332890812157        298.05952263948387        156389800.50473690     
   76.948132412862634        3.8033825206929639       -8.6982295043131757       -4.8948469836202113        306.15713089348088        167088118.12434599     
   77.294745621929593        4.4093189291130042       -8.7949689671080904       -4.3856500379950862        354.93259623162942        166165289.28321365     
   77.641358830996552        4.0954837301319422       -8.5612801719757599       -4.4657964418438185        329.67011380429778        187706429.00590569     
   77.987972040063482        4.1524715213030188       -8.8372407136757936       -4.6847691923727748        334.25740381416892        162136235.21774113     
   78.334585249130441        4.2478282440014521       -8.8671002527562202       -4.6192720087547690        341.93323985588233        160733959.43878976     
   78.681198458197386        3.8975213749425328       -8.8024010925822296       -4.9048797176396972        313.73493338004130        161694261.98596725     
   79.027811667264331        4.0157081149811695       -9.0077550535703050       -4.9920469385891355        323.24849480674999        143187138.57937306     
   79.374424876331290        4.0292910005566105       -8.8869222103883487       -4.8576312098317382        324.34186294797860        156201417.13318855     
   79.721038085398234        4.4457754581081934       -8.9502772060955156       -4.5045017479873222        357.86720148334331        156695493.68953454     
   80.067651294465179        3.9551453592310764       -9.0655467980719635       -5.1104014388408876        318.37343439971181        134439809.10390377     
   80.414264503532124        4.2125678300755309       -8.9629128996662715       -4.7503450695907397        339.09491709898282        147510196.33764398     
   80.760877712599083        4.0717264354508638       -8.9057353903500491       -4.8340089548991854        327.75774628991348        150086909.82651863     
   81.107490921666042        4.1367916417517536       -9.0124322009579174       -4.8756405592061647        332.99523601746358        143630751.75136733     
   81.454104130732972        4.1139537443189473       -8.9415529960005511       -4.8275992516816046        331.15687631642737        153184799.69948581     
   81.800717339799931        4.3475382433755483       -8.9282963292109567       -4.5807580858354093        349.95949731583460        152082332.59595725     
   82.147330548866876        4.3365516842854008       -8.8714972387346993       -4.5349455544492985        349.07512310652726        158621919.94450980     
   82.493943757933820        4.0453833583639129       -9.1073187468693675       -5.0619353885054545        325.63723359996794        130007553.03029200     
   82.840556967000779        4.0530573473009559       -8.9782537194028986       -4.9251963721019418        326.25495911737011        144809501.76097867     
   83.187170176067724        4.2969191468921535       -8.7172909420204387       -4.4203717951282853        345.88486183979188        168797869.84103212     
   83.533783385134669        3.6868621972359668       -8.6844621159827629       -4.9975999187467961        296.77770935849543        169261633.83392429     
   83.880396594201613        4.0615022540746635       -8.8751600404621396       -4.8136577863874761        326.93474044739264        151942154.57974035     
   84.227009803268572        3.9218893243354480       -8.9361371664379075       -5.0142478421024599        315.69645616437936        146354879.62158707     
   84.573623012335517        3.9558614793601126       -9.1101605186385815       -5.1542990392784684        318.43107921531691        131680865.40259342     
   84.920236221402462        3.9758305988329843       -9.0719829740360343       -5.0961523752030509        320.03851372683943        132716564.94918653     
   85.266849430469421        3.9312771102842810       -8.8051553078510292       -4.8738781975667482        316.45213550925183        163923864.75293088     
   85.613462639536365        4.3227640250912591       -8.7947832870567897       -4.4720192619655315        347.96527150531449        174884104.52477339     
   85.960075848603310        4.2283140692577508       -8.8604174177637525       -4.6321033485060017        340.36242658144016        166150533.13910288     
   86.306689057670269        4.3209404208466742       -8.9324653141968362       -4.6115248933501629        347.81847863334605        157826934.58126774     
   86.653302266737214        4.2288059839673755       -8.8482039614445309       -4.6193979774771563        340.40202375456795        160536206.68112406     
   86.999915475804158        3.9437943228872259       -8.7765708767896999       -4.8327765539024741        317.45972122445443        164062358.35279572     
   87.346528684871103        3.9646116812645036       -8.6699488381914378       -4.7053371569269329        319.13543558631346        178428786.21790436     
   87.693141893938062        4.5228607549001039       -8.8158980734688868       -4.2930373185687829        364.07226057784209        173486943.64557609     
   88.039755103005007        4.2571359314528703       -8.8490568325444077       -4.5919209010915374        342.68247159102219        167037888.45216310     
   88.386368312071951        4.0053638576273300       -8.9249797121418819       -4.9196158545145519        322.41582332670691        156122676.63213402     
   88.732981521138910        4.3236270217919897       -8.8360169101828223       -4.5123898883908318        348.03473929942379        167997267.07622603     
   89.079594730205855        4.3394031540635059       -8.7754719958850238       -4.4360688418215188        349.30465505640194        168203916.66478404     
   89.426207939272800        3.8027300626128810       -8.8938981240947967       -5.0911680614819161        306.10461061903050        148420667.54676062     
   89.772821148339759        3.9391155707560483       -9.0055776571145660       -5.0664620863585181        317.08310032954057        137787904.00342205     
   90.119434357406703        4.1703938178899236       -8.8099629701282520       -4.6395691522383284        335.70007724294334        158990319.61504546     
   90.466047566473648        3.9469754858900163       -8.7600988110728206       -4.8131233251828052        317.71579216460833        161647953.17725995     
   90.812660775540593        4.3729756858008173       -8.9001197654237441       -4.5271440796229259        352.00711002578879        152837548.99316677     
   91.159273984607552        3.7349432908443818       -8.7570184826106825       -5.0220751917663007        300.64804572074263        159266275.73822948     
   91.505887193674496        4.1511184349893995       -8.7032779619554042       -4.5521595269660038        334.14848575994353        171304712.23724824     
   91.852500402741441        3.9463917057954299       -8.8477931193356589       -4.9014014135402295        317.66880019420853        156542355.13933787     
   92.199113611808400        4.1444156537581431       -8.8055353741986657       -4.6611197204405235        333.60893859117908        166504637.35329372     
   92.545726820875331        4.0572159122847511       -8.7952807158365331       -4.7380648035517821        326.58970702062356        167894905.51031193     
   92.892340029942289        4.5403365538575535       -8.9299085100849211       -4.3895719562273685        365.47899272738920        161567938.75385293     
   93.238953239009248        4.1610424936624932       -8.8829821117216117       -4.7219396180591184        334.94733292129064        160356061.34146330     
   93.585566448076179        4.3453870268713723       -8.6626423513567659       -4.3172553244853935        349.78633296298131        181615049.98355952     
   93.932179657143138        3.7813875061615958       -8.9929543699889081       -5.2115668638273123        304.38661990589361        149143666.67682731     
   94.278792866210082        4.2125915172030854       -8.7710757906513397       -4.5584842734482542        339.09682381832323        175294850.33917400     
   94.625406075277041        4.1810759127216484       -8.6587149686200906       -4.4776390558984422        336.55994329318145        180579824.03129226     
   94.972019284343986        3.8985032672293891       -8.9042115601871092       -5.0057082929577206        313.81397179486140        150035279.89566505     
   95.318632493410931        4.2047385422936898       -8.6815747444940428       -4.4768362022003538        338.46469064366664        176716777.84567916     
   95.665245702477890        4.3864078048345414       -8.3666579478991920       -3.9802501430646515        353.08834206143354        210650678.13527620     
   96.011858911544820        4.1141983745823447       -8.6747413400652267       -4.5605429654828820        331.17656807742270        182715234.67184386     
   96.358472120611779        3.8393621129547544       -8.8800869263807893       -5.0407248134260350        309.05334463944399        153795441.49643102     
   96.705085329678738        4.1230864019958178       -8.9469721558292967       -4.8238857538334781        331.89201885246484        152225199.52130023     
   97.051698538745669        4.2931467824098597       -8.9674949113603066       -4.6743481289504460        345.58120153733739        152044979.14263055     
   97.398311747812627        4.3329310161282351       -8.5946353748780364       -4.2617043587498014        348.78367375351462        190607587.73152068     
   97.744924956879572        3.8828851381162122       -8.6360872441059886       -4.7532021059897769        312.55677466225671        182813492.15184197     
   98.091538165946517        4.0279213229905064       -8.7842708355143504       -4.7563495125238440        324.23160936406839        167155690.82959145     
   98.438151375013476        4.0533311672409660       -8.8823790162080094       -4.8290478489670434        326.27700053096942        159317842.59958121     
   98.784764584080420        4.1903305993488500       -8.9110999773506947       -4.7207693780018456        337.30490867325744        158423930.36730868     
   99.131377793147365        4.1976703897780760       -8.7465050377095199       -4.5488346479314439        337.89573254304850        176713000.91335493     
   99.477991002214310        3.8988986016795959       -8.9014492785768002       -5.0025506768972052        313.84579464211919        155810604.84849080     
   99.824604211281269        4.0458575742583296       -8.5442527081922517       -4.4983951339339212        325.67540608902704        193307760.37929550     
   100.17121742034823        3.8120915433251277       -8.6805250595887671       -4.8684335162636403        306.85817249722248        180213113.28187481     
   100.51783062941516        4.1143644368099759       -8.8186013556316034       -4.7042369188216284        331.18993542474703        170580611.63681814     
   100.86444383848212        4.1596242000276353       -8.5914771803293561       -4.4318529803017217        334.83316593765170        191058669.85662159     
   101.21105704754906        4.2972676850515716       -8.6352615681506268       -4.3379938830990552        345.91291777219254        185798995.20666009     
   101.55767025661601        4.1631572282250593       -8.8689954755852707       -4.7058382473602114        335.11756062327805        163934230.03015238     
   101.90428346568297        4.0666084526745303       -8.6356470861750321       -4.5690386335005009        327.34576907903886        188631737.39475450     
   102.25089667474991        4.5271318734756116       -8.4744573087133777       -3.9473254352377651        364.41606859653831        210329344.37274382     
   102.59750988381685        3.9103656756176464       -8.8215124411812127       -4.9111467655635668        314.76884838113074        165630239.40612599     
   102.94412309288380        4.5028600195686632       -8.9772864662146503       -4.4744264466459862        362.46228111574004        159234375.54190850     
   103.29073630195076        3.7474324302057385       -8.8563037819647228       -5.1088713517589834        301.65337165191011        160678730.44225195     
   103.63734951101770        3.9758397237786722       -8.8073156820951901       -4.8314759583165170        320.03924824859109        167193983.04379645     
   103.98396272008465        4.0035546991704294       -8.7308474300754799       -4.7272927309050514        322.27019328305943        176220101.10745147     
   104.33057592915161        4.2902866636260395       -8.5030607323904395       -4.2127740687644009        345.35097337698147        197427894.80124334     
   104.67718913821855        4.1423657458159715       -8.5833246942704218       -4.4409589484544512        333.44392917370487        188617767.67273289     
   105.02380234728550        3.4430648128745447       -8.8101242844223702       -5.3670594715478250        277.15299180528211        158234894.21385035     
   105.37041555635246        4.0117082231978696       -8.9551520878664714       -4.9434438646686019        322.92651946359240        147697773.97234830     
   105.71702876541940        4.3163996851543018       -8.9646841180778321       -4.6482844329235311        347.45296751155934        150138640.79494900     
   106.06364197448634        3.8978824484005656       -8.8262924788187416       -4.9284100304181759        313.76399835400895        156284934.81941772     
   106.41025518355329        3.9324453987127357       -8.9578397415776827       -5.0253943428649466        316.54617807041041        143982338.35605714     
   106.75686839262025        3.9013380905874158       -9.0339279872095677       -5.1325898966221510        314.04216377428014        135783885.91592455     
   107.10348160168719        3.6936821799644823       -8.7151159435649603       -5.0214337636004780        297.32669078057052        169451896.06945792     
   107.45009481075414        3.7167718672629841       -8.8482037376603824       -5.1314318703973996        299.18531856204567        158824065.93000767     
   107.79670801982110        4.0763071984453143       -8.9875067804539537       -4.9111995820086394        328.12647944995035        151194982.21189627     
   108.14332122888804        4.0424861799924603       -8.9837522227636413       -4.9412660427711819        325.40402229054405        146053016.56151390     
   108.48993443795499        3.8410091885038331       -8.9043434953458398       -5.0633343068420080        309.18592765514836        154523814.23534501     
   108.83654764702194        4.4713726576125401       -8.9222007882719208       -4.4508281306593798        359.92767400129839        157712700.50872263     
   109.18316085608889        3.9013653799970744       -9.1209527079087014       -5.2195873279116274        314.04436046296956        128528861.41290987     
   109.52977406515583        4.3806225255122291       -8.8419218000998718       -4.4612992745876427        352.62265013875685        163346344.87095645     
   109.87638727422278        4.0877769637578885       -9.1018438504219237       -5.0140668866640352        329.04974983388200        132685529.93416314     
   110.22300048328974        4.2109361844468998       -8.9206153138716164       -4.7096791294247158        338.96357613036378        156295023.79419303     
   110.56961369235668        4.1305967444253522       -8.9707306275910597       -4.8401338831657075        332.49657147838246        155631925.03582475     
   110.91622690142363        4.3321693893930959       -8.8551911838109714       -4.5230217944178754        348.72236583752851        170505658.00586751     
   111.26284011049059        3.7756693420560485       -8.7012531775438315       -4.9255838354877826        303.92633049061453        175741700.27401695     
   111.60945331955753        4.0607056314723966       -9.0284080828203326       -4.9677024513479351        326.87061550361221        144437865.17331839     
   111.95606652862446        4.3589300970182112       -9.0460561074044570       -4.6871260103862467        350.87649612092997        146572878.01319566     
   112.30267973769142        4.0218496000808246       -8.9480463965625834       -4.9261967964817579        323.74285987450367        154611438.76987067     
   112.64929294675837        4.0863989587819258       -8.9423509072336103       -4.8559519484516835        328.93882592667518        155474762.57102877     
   112.99590615582532        4.3623180621226725       -8.8945219878122064       -4.5322039256895339        351.14921380586065        164893732.29955864     
   113.34251936489228        3.9315873937025452       -8.8478205801270402       -4.9162331864244946        316.47711208749053        160813738.27230641     
   113.68913257395921        3.9846900139436339       -8.8127218996060268       -4.8280318856623934        320.75166132556598        169150248.90573505     
   114.03574578302616        3.7524229501062263       -8.7703290276961390       -5.0179060775899123        302.05508860940449        170330132.15930170     
   114.38235899209312        4.1427075343292215       -8.9428190355761288       -4.8001115012469082        333.47144178649614        159744160.23071831     
   114.72897220116008        4.1485788855661925       -8.8798288544961359       -4.7312499689299434        333.94406215518086        165875901.47364894     
   115.07558541022702        4.2909256324103495       -8.8434853212192213       -4.5525596888088717        345.40240781689664        168363554.52134475     
   115.42219861929395        3.9526162092154005       -8.8059668720483071       -4.8533506628329066        318.16984790579863        165114338.43275362     
   115.76881182836091        3.7854505572953991       -8.8545914341047656       -5.0691408768093664        304.71367932498464        159130652.76842460     
   116.11542503742785        4.2644092755247804       -8.9551058768441454       -4.6906966013193658        343.26794679393481        148849772.11239484     
   116.46203824649481        3.9849591256517529       -8.6940239243620976       -4.7090647987103447        320.77332374526725        170576967.04132587     
   116.80865145556177        4.2711601673864523       -8.7567047909597520       -4.4855446235732988        343.81136667665680        172393525.17592010     
   117.15526466462870        3.9737292540621914       -8.8226288110200457       -4.8488995569578535        319.86936384971199        166067206.50530607     
   117.50187787369565        4.0957402796777620       -8.7927774238239440       -4.6970371441461811        329.69076502001241        173336237.01438498     
   117.84849108276261        3.6983699826814509       -8.8217673511835368       -5.1233973685020855        297.70404021156077        164602091.73068482     
   118.19510429182955        3.8871143786890539       -8.7342522149380972       -4.8471378362490434        312.89721166868316        179283764.35072660     
   118.54171750089651        4.0268735208521029       -8.5405613302159331       -4.5136878093638293        324.14726546894548        195922496.44369027     
   118.88833070996347        4.3486779441475649       -8.7252970746206664       -4.3766191304731024        350.05123868461334        183256981.29766899     
   119.23494391903040        4.2441829450652309       -8.7255105876032655       -4.4813276425380346        341.63980782334528        174718929.29860964     
   119.58155712809734        4.1380631268198096       -8.7918418857468268       -4.6537787589270163        333.09758549672108        167355434.99256399     
   119.92817033716430        3.9386797974792045       -8.8587437861577492       -4.9200639886785442        317.04802231794628        158974574.97790977     
   120.27478354623126        4.1306973874335595       -8.6908993884386803       -4.5602020010051216        332.50467283933409        181700328.07198107     
   120.62139675529821        4.2222712629695458       -8.9028904891625622       -4.6806192261930155        339.87600476462939        161975959.85196954     
   120.96800996436514        3.7588143588422605       -8.7241772330339487       -4.9653628741916878        302.56957153357678        173071352.79310611     
   121.31462317343210        4.0887789824792913       -8.7522933065326978       -4.6635143240534065        329.13040834645000        175140383.38020027     
   121.66123638249904        4.0858024167418519       -8.8893027859781579       -4.8035003692363052        328.89080667053861        161425341.78397277     
   122.00784959156600        4.1677813602763063       -8.8693185721861898       -4.7015372119098835        335.48978481949808        162654525.96429187     
   122.35446280063296        3.9457772382109937       -8.8929684906364521       -4.9471912524254575        317.61933800321032        157855331.45186380     
   122.70107600969989        3.6136729348582368       -8.9510311280636081       -5.3373581932053709        290.88626550296306        148948906.20375034     
   123.04768921876683        4.1975711960270310       -8.7843900159134076       -4.5868188198863757        337.88774784152105        172996642.80339974     
   123.39430242783379        4.1358406964445784       -8.6537135397146479       -4.5178728432700686        332.91868871113894        185274664.59412149     
   123.74091563690074        3.9349204664094075       -8.7813458821301733       -4.8464254157207662        316.74541115324064        170902873.60756624     
   124.08752884596770        3.9370039592455770       -8.8499864432812050       -4.9129824840356271        316.91312402079694        167018052.65032333     
   124.43414205503463        4.1742875426608270       -8.8737641158899034       -4.6994765732290755        336.01350656483322        170988882.11294526     
   124.78075526410159        4.4287619037370876       -8.8370186096468153       -4.4082567059097268        356.49767818027857        173548543.19109234     
   125.12736847316853        4.1767301299941773       -8.9053972445929226       -4.7286671145987453        336.21012510789762        161149606.31768236     
   125.47398168223549        4.2318096484608967       -8.7611766994515925       -4.5293670509906949        340.64380677231594        176017464.34817481     
   125.82059489130245        4.3091681513163991       -8.8398276052390194       -4.5306594539226213        346.87085786580957        168479960.47594997     
   126.16720810036936        4.1551828519778544       -8.8749446399102609       -4.7197617879324065        334.47565512488904        160548596.19318628     
   126.51382130943632        4.4724762031594123       -8.8994000603046786       -4.4269238571452671        360.01650501858433        159504104.74692062     
   126.86043451850328        3.8972951644002785       -8.9779179855405999       -5.0806228211403219        313.71672433316849        146792007.87439597     
   127.20704772757023        4.2577074336174707       -8.8946722343283717       -4.6369648007109010        342.72847523700352        160954534.05348015     
   127.55366093663719        3.7415213545174666       -8.6895402590328299       -4.9480189045153633        301.17755362325551        177845826.58393368     
   127.90027414570412        4.3781806864432999       -8.5655988180844886       -4.1874181316411878        352.42609182799544        196779211.66152459     
   128.24688735477108        4.1835108350670005       -8.5411501262291925       -4.3576392911621928        336.75594483526817        195226431.27860725     
   128.59350056383803        4.0481347479125835       -8.7015150839593574       -4.6533803360467729        325.85870949033875        180929351.61198989     
   128.94011377290497        3.8423147693958080       -8.7900074392509691       -4.9476926698551607        309.29102171230977        165136472.13531798     
   129.28672698197192        4.0963512821572667       -8.7823415327399665       -4.6859902505827007        329.73994828387714        175149740.66249382     
   129.63334019103885        4.0858556287427881       -8.8470505172014970       -4.7611948884587081        328.89509002448665        167810263.90341631     
   129.97995340010581        3.8815308692571486       -8.8519901514444204       -4.9704592821872717        312.44776141783717        160430373.04927447     
   130.32656660917277        4.3784172951073153       -8.9494467977922820       -4.5710295026849668        352.44513788221826        158261101.64453596     
   130.67317981823973        4.2742365390511772       -8.8356789247973637       -4.5614423857461865        344.05900233184263        170338730.64336962     
   131.01979302730666        3.9661041639655457       -8.8030401955117270       -4.8369360315461822        319.25557449402862        171577389.16887248     
   131.36640623637359        4.4566299532117117       -8.8365411946389205       -4.3799112414272097        358.74094506819438        173255799.79932022     
   131.71301944544055        4.0624008969886098       -8.8637205283776002       -4.8013196313889903        327.00707761956369        165971760.55535343     
   132.05963265450751        4.0290963721107840       -8.7846511442919653       -4.7555547721811813        324.32619613396753        175816089.22626376     
   132.40624586357447        3.9866302270964984       -8.7501292338848735       -4.7634990067883756        320.90784074979456        179054129.66922989     
   132.75285907264143        3.9686621944710856       -8.6027485578721343       -4.6340863634010487        319.46148575224504        188318795.73172569     
   133.09947228170836        4.0402881210187340       -8.8894890018903379       -4.8492008808716038        325.22708730562755        164392017.15683195     
   133.44608549077529        4.3580737407417711       -9.1694871604399193       -4.8114134196981482        350.80756285450434        139975511.56560141     
   133.79269869984225        4.1987071389725079       -9.0114148338351203       -4.8127076948626124        337.97918672024372        150188439.45254707     
   134.13931190890921        4.3360340015769667       -8.9155252764522110       -4.5794912748752452        349.03345171221832        163830915.88643092     
   134.48592511797617        4.1337357972900524       -8.8100160784351758       -4.6762802811451225        332.74925272029037        169015979.51815301     
   134.83253832704310        4.0162351465029174       -8.8581023414998796       -4.8418671949969632        323.29091874326195        162034521.30195156     
   135.17915153611006        4.3291259527063017       -8.6430328417965008       -4.3139068890901990        348.47738131677215        190148982.04412860     
   135.52576474517699        4.2335384233028925       -8.7159581655961720       -4.4824197422932803        340.78296625540935        183380079.89201927     
   135.87237795424394        4.1633100685914943       -8.8938189311682994       -4.7305088625768041        335.12986366348446        163720864.48422974     
   136.21899116331090        4.2227521419093215       -9.0418017962574631       -4.8190496543481407        339.91471360227797        150660251.59706441     
   136.56560437237783        4.2414694174069343       -8.8773274765734431       -4.6358580591665079        341.42137966421484        167612762.70504960     
   136.91221758144479        4.3639535618026439       -8.6150128515178128       -4.2510592897151689        351.28086501024853        194814835.50398228     
   137.25883079051175        3.9318805333834175       -8.5869424294748917       -4.6550618960914738        316.50070866321187        189957582.39662004     
   137.60544399957871        3.7293204586441497       -8.7197269122073369       -4.9904064535631862        300.19543014380486        173360626.29693934     
   137.95205720864564        3.8717875420574051       -8.9045593618423862       -5.0327718197849816        311.66346241961639        156151725.34665662     
   138.29867041771257        4.0740884701591185       -8.9308278231030656       -4.8567393529439471        327.94788066777733        153629214.97070158     
   138.64528362677953        3.6882750482343645       -9.1010347576868682       -5.4127597094525042        296.89143823159623        131800515.47428149     
   138.99189683584649        3.8563269294910962       -8.9488299472092283       -5.0925030177181325        310.41894474110154        149238886.79271591     
   139.33851004491345        4.1657563537987405       -8.9245504885356901       -4.7587941347369496        335.32677987065608        157850400.63269565     
   139.68512325398041        4.2526641365398650       -9.1322608155397482       -4.8795966789998841        342.32250992714506        136975959.12983122     
   140.03173646304734        3.7611102788061923       -8.9247862769694120       -5.1636759981632201        302.75438393808622        153639285.74907222     
   140.37834967211427        4.2949389112125900       -8.9531096173706075       -4.6581707061580166        345.72546076171216        152297040.46211648     
   140.72496288118123        4.3176443001799463       -8.7165981309768394       -4.3989538307968932        347.55315405951893        177727344.46979153     
   141.07157609024819        4.4274359589525156       -8.8823551830093130       -4.4549192240567983        356.39094491094284        160107618.87692288     
   141.41818929931515        4.4592435513458639       -8.9884501382734534       -4.5292065869275895        358.95132929899609        156107813.55665597     
   141.76480250838208        4.0604502208669828       -8.9218717443313391       -4.8614215234643572        326.85005596805991        155707769.85695314     
   142.11141571744903        4.3636360584624878       -8.8060446628487643       -4.4424086043862765        351.25530725707949        171506206.83804998     
   142.45802892651596        4.0265580266740377       -8.8440552646323169       -4.8174972379582792        324.12186944531538        158487352.34732369     
   142.80464213558292        4.4015226528693345       -8.8856350521863785       -4.4841123993170440        354.30502707353696        164862748.19447210     
   143.15125534464988        4.0311026611960221       -8.8002880464542841       -4.7691853852582620        324.48769440734327        164251149.73904330     
   143.49786855371681        4.1880987910293230       -9.0174316354221880       -4.8293328443928658        337.12525700054425        147971694.76762196     
   143.84448176278377        3.9228909145416502       -8.9267464708718478       -5.0038555563301976        315.77708018318197        153377974.18717989     
   144.19109497185073        4.3024519545518132       -8.7557001640867593       -4.4532482095349453        346.33023080009258        177858800.71630985     
   144.53770818091766        4.5805915749652559       -8.6994591190642101       -4.1188675440989542        368.71936145163335        188499224.12558660     
   144.88432138998462        4.3349773617870060       -8.9718957137426827       -4.6369183519556767        348.94839642137600        158127918.44052601     
   145.23093459905155        3.8457829278401432       -8.8308378071476330       -4.9850548793074898        309.57019464141297        167131086.51116672     
   145.57754780811851        4.6211398683903182       -8.8607627926537127       -4.2396229242633945        371.98333742830749        173418391.93511912     
   145.92416101718547        4.5882093653937686       -8.9074846211273737       -4.3192752557336060        369.33256321313178        166872988.39567521     
   146.27077422625243        4.5673984364315432       -8.8798732892660137       -4.3124748528344705        367.65736639355396        170004322.15426487     
   146.61738743531936        4.3216546324952398       -8.8676519577075226       -4.5459973252122827        347.87596982388129        165036806.73998198     
   146.96400064438629        4.0687082936656855       -9.0202488629476143       -4.9515405692819279        327.51479790790029        147617088.38727537     
   147.31061385345325        3.7700357519931686       -8.9331835285499359       -5.1631477765567668        303.47284894861940        149209728.26794931     
   147.65722706252021        4.2328543896890087       -8.8795661803949688       -4.6467117907059610        340.72790427636255        159547797.76109332     
   148.00384027158717        4.0662322355714720       -8.8471207897958095       -4.7808885542243376        327.31548510201611        162519167.08315805     
   148.35045348065412        4.3094715633625622       -8.7579094461920270       -4.4484378828294648        346.89528132598656        176193986.83326009     
   148.69706668972105        4.3901484981261509       -8.8166776879960622       -4.4265291898699113        353.38945295929381        168996398.95425868     
   149.04367989878799        4.1249446412945208       -9.1084945522442222       -4.9835499109497023        332.04159970821865        134004084.18211444     
   149.39029310785494        4.2018481406381643       -8.9644551781183885       -4.7626070374802234        338.23202483285979        150393516.39044029     
   149.73690631692190        4.0854080649484397       -9.2268845890750821       -5.1414765241266425        328.85906292323557        122102869.88679942     
   150.08351952598886        4.4461873598619297       -9.0325999178923677       -4.5864125580304380        357.90035793249024        144108507.75766408     
   150.43013273505579        4.4623272315705069       -8.7336995789134324       -4.2713723473429246        359.19955326412014        175106756.52974728     
   150.77674594412275        3.8630317639439613       -8.8004595298368020       -4.9374277658928403        310.95865718602039        161629132.95887610     
   151.12335915318971        4.1985335518940987       -8.6765796656616008       -4.4780461137675012        337.96521365242933        178487111.43861851     
   151.46997236225664        4.0737591248331926       -8.7251340129185433       -4.6513748880853516        327.92136968196138        172808543.60712004     
   151.81658557132360        4.0898818824409373       -8.9399501537566479       -4.8500682713157097        329.21918739669889        147679641.95200759     
   152.16319878039053        4.1349146741185754       -8.5561941020052199       -4.4212794278866445        332.84414760544422        186419795.66424239     
   152.50981198945749        4.0403812619667896       -8.9529429705078183       -4.9125617085410287        325.23458478064362        141988095.13598233     
   152.85642519852445        4.2496852152246953       -9.0279227416042129       -4.7782375263795185        342.08271863661673        139464351.13710171     
   153.20303840759141        4.3289189925726541       -8.9768405756951815       -4.6479215831225265        348.46072185105135        148992433.72031614     
   153.54965161665834        4.1514848243755980       -9.0670508751974488       -4.9155660508218499        334.17797864493684        136838039.67838198     
   153.89626482572527        4.3738361178284197       -8.9153626812306115       -4.5415265634021909        352.07637137393522        150464957.96295026     
   154.24287803479223        4.3183558133085898       -8.8757311210717376       -4.5573753077631469        347.61042802995803        154378037.97893256     
   154.58949124385919        4.3227445701401468       -8.6802477026340643       -4.3575031324939175        347.96370545930631        173653320.63252655     
   154.93610445292614        4.2628993031076465       -8.9918805511434279       -4.7289812480357813        343.14640003379623        140709443.87814105     
   155.28271766199310        4.0260783759893473       -9.0985421446743562       -5.0724637686850089        324.08325947730481        127827308.97492996     
   155.62933087106003        4.2701092568269781       -8.9644371857391167       -4.6943279289121387        343.72677256602924        145333060.97763848     
   155.97594408012696        3.9618749212137852       -9.0671634130100465       -5.1052884917962613        318.91513731220789        133586616.56529330     
   156.32255728919392        4.1998457293285876       -8.9147963847345295       -4.7149506554059419        338.07083870496626        151222036.66039130     
   156.66917049826088        4.2484055280670354       -8.9919682722865470       -4.7435627442195107        341.97970892184344        143163228.59254742     
   157.01578370732784        3.8381790209707014       -8.8056785762100027       -4.9674995552393018        308.95811045107354        160949012.60402369     
   157.36239691639477        4.4195587055854038       -8.9717750386428055       -4.5522163330574017        355.75685741722515        152555259.21926942     
   157.70901012546173        4.1698129450558472       -8.7765279185767611       -4.6067149735209139        335.65331929542504        170333621.02535108     
   158.05562333452866        4.4071606770919782       -8.7298357440300851       -4.3226750669381069        354.75886554771660        172955012.42742628     
   158.40223654359562        4.1775255508704330       -8.6283649054656326       -4.4508393545951987        336.27415331752485        179138676.07388815     
   158.74884975266258        4.1484675854519759       -9.0219351608909122       -4.8734675754389354        333.93510293967961        138363149.95498881     
   159.09546296172951        3.9006388089270296       -9.0036837544697441       -5.1030449455427149        313.98587438827553        141686221.77664605     
   159.44207617079647        4.3787949215616457       -8.6846338764989088       -4.3058389549372631        352.47553530640016        182658757.63094214     
   159.78868937986343        4.3154178359850208       -8.8169089166406351       -4.5014910806556143        347.37393256753211        172521795.19292858     
   160.13530258893036        4.3303574386740395       -8.7372643614585321       -4.4069069227844935        348.57651102790879        171716546.43697512     
   160.48191579799732        3.9929329886169564       -8.6989197274310275       -4.7059867388140715        321.41518792650129        174189502.53230885     
   160.82852900706425        4.2485632485188232       -8.7060748910377086       -4.4575116425188863        341.99240478946649        178772914.81462547     
   161.17514221613121        4.1931849426103973       -8.6745410782589136       -4.4813561356485163        337.53467192709422        178992234.17447323     
   161.52175542519817        4.3767119420200018       -8.4754859811877186       -4.0987740391677159        352.30786375700694        204510799.02262458     
   161.86836863426512        4.0027816852676281       -8.3863349514434908       -4.3835532661758627        322.20796874547096        212940855.27181917     
   162.21498184333208        4.1616039389739017       -8.2824542691057594       -4.1208503301318569        334.99252703068123        225495927.36137894     
   162.56159505239899        4.2813642963746350       -8.5584097339170828       -4.2770454375424487        344.63275838188019        199257344.19647408     
   162.90820826146594        4.5447924561780173       -8.6521954448929712       -4.1074029887149539        365.83767510092179        193371330.09166607     
   163.25482147053290        4.1041530770407437       -8.6232763234640579       -4.5191232464233151        330.36796167047430        186089581.66798934     
   163.60143467959986        4.0853769454112490       -8.8504254904975550       -4.7650485450863060        328.85655792454844        161730719.30282643     
   163.94804788866682        3.8304172012949413       -8.7028407119132751       -4.8724235106183329        308.33331490933813        176269102.94647682     
   164.29466109773375        3.7170309590704296       -8.7671474048879698       -5.0501164458175403        299.20617441968659        171006657.65969473     
   164.64127430680071        4.4041938918152939       -8.7065885718103253       -4.3023946799950323        354.52005115990647        184529963.35624152     
   164.98788751586764        4.2606080928345849       -8.7152103013541353       -4.4546022085195496        342.96196674062685        181851639.27624834     
   165.33450072493460        4.3939755938485829       -8.6347943457203531       -4.2408187518717702        353.69751890839558        188572519.20585832     
   165.68111393400156        4.2015000768670729       -8.6929092262032164       -4.4914091493361434        338.20400708682837        182159763.25272372     
   166.02772714306849        3.9140214032193352       -8.8253727900412233       -4.9113513868218881        315.06311987966444        167381830.02544093     
   166.37434035213545        3.9845908798692093       -8.6624689081466943       -4.6778780282774850        320.74368142776859        184664771.12573054     
   166.72095356120241        4.4514218489978301       -8.5619120196245575       -4.1104901706267283        358.32171344086242        197696738.18061674     
   167.06756677026934        4.1163858032918919       -8.9137871843810093       -4.7974013810891174        331.35264736844994        158871970.21478736     
   167.41417997933630        4.3911006300165747       -8.7589846031803731       -4.3678839731637993        353.46609578083968        177577989.22195351     
   167.76079318840323        4.0968943629416303       -8.6180068481652050       -4.5211124852235756        329.78366412205003        187707508.91502520     
   168.10740639747019        4.2093227292138469       -8.4931484597819171       -4.2838257305680703        338.83369941607350        203603645.55879232     
   168.45401960653714        4.2879239553191377       -8.6337404719592641       -4.3458165166401255        345.16078477711187        194196425.87922534     
   168.80063281560410        4.3409919702572752       -8.5442959221401598       -4.2033039518828845        349.43254842625237        200564698.80472535     
   169.14724602467103        4.1700577741544187       -8.5210391836616939       -4.3509814095072761        335.67302706185927        198546109.22921064     
   169.49385923373796        3.9629807744271313       -8.6398751585281666       -4.6768943841010353        319.00415408744556        186920971.99532002     
   169.84047244280492        3.9202875605694647       -8.6489491598808126       -4.7286615993113479        315.56752056658064        184033877.86684862     
   170.18708565187188        4.4095758263225253       -8.5686252298350016       -4.1590494035124754        354.95327543288613        195818112.59770706     
   170.53369886093884        4.1939197486918154       -8.5980761623288373       -4.4041564136370219        337.59382088737527        187304160.00943580     
   170.88031207000580        4.1403131600606615       -8.5238639345748553       -4.3835507745141928        333.27870420294806        194437739.31618103     
   171.22692527907273        4.0325004454900117       -8.4578992396868866       -4.4253987941968749        324.60021047080198        204756263.32605261     
   171.57353848813966        4.3616675287677937       -8.7789963840481793       -4.4173288552803847        351.09684846411642        173811473.23234183     
   171.92015169720662        3.7477543977745205       -8.6997472534266862       -4.9519928556521648        301.67928875768706        171362473.80281267     
   172.26676490627358        4.3730657266921433       -8.7084787130511021       -4.3354129863589588        352.01435795859635        178946051.98573282     
   172.61337811534054        4.0921425483746594       -8.6799782308667535       -4.5878356824920941        329.40116199231511        176415047.37134311     
   172.95999132440747        3.9946934198076103       -8.7996316987611642       -4.8049382789535544        321.55689561946502        164232234.72704548     
   173.30660453347443        3.8635099529468491       -8.8224920806717684       -4.9589821277249184        310.99714949447281        161957278.74218675     
