  0.34661320906694887        4.1535129139729152      -0.91702054296712066        3.2364923710057951        334.34123177262813        9394605.7727489248     
  0.69322641813389774        3.5168225372577377       -1.0767216162763300        2.4401009209814077        283.09019458610470        6073073.2565344879     
   1.0398396272008466        3.9630354001477990       -1.1172904901659022        2.8457449099818968        319.00855124019620        6014922.9790296042     
   1.3864528362677955        3.7823763569940145       -1.1572560286604734        2.6251203283335411        304.46621845589164        5575817.0768185062     
   1.7330660453347442        4.1857573439663742       -1.1944954594471264        2.9912618845192482        336.93677984605586        5805341.2324450761     
   2.0796792544016931        4.2091950354985022       -1.1981618757163814        3.0110331597821203        338.82342058103382        5799187.1122541474     
   2.4262924634686422        4.1294828518485565       -1.1696318455565722        2.9598510062919838        332.40690756643562        5755054.5532970391     
   2.7729056725355909        3.8107378449750988       -1.1553959544063623        2.6553418905687360        306.74920517650594        5523106.1079401150     
   3.1195188816025397        4.0243041485198781       -1.2016494555774246        2.8226546929424536        323.94044123889466        5177734.7116031609     
   3.4661320906694884        4.1421454399199531       -1.1766030259964835        2.9655424139234694        333.42619542731541        5306154.4183171168     
   3.8127452997364375        4.0367585963908352       -1.1832088133910064        2.8535497829998286        324.94297464338115        4968987.0954196397     
   4.1593585088033862        4.1319789498699002       -1.2033450389104130        2.9286339109594870        332.60783350656544        4974482.0468359031     
   4.5059717178703353        3.8843755468629784       -1.2324602208009818        2.6519153260619968        312.67674662492044        4159306.1325411876     
   4.8525849269372845        3.6603357394839415       -1.2553442826230876        2.4049914568608535        294.64243525605059        3349448.4226665543     
   5.1991981360042328        4.5348240235739512       -1.2127361857416543        3.3220878378322967        365.03525601502616        5359078.7773544630     
   5.5458113450711819        3.9620805224368310       -1.2332352080792133        2.7288453143576175        318.93168739104254        3990188.1280099098     
   5.8924245541381302        4.0599816606693349       -1.2170166659822934        2.8429649946870414        326.81233874004448        4439487.5270665716     
   6.2390377632050793        4.3312914937677212       -1.2355601116292361        3.0957313821384851        348.65169873937936        4745417.7487663673     
   6.5856509722720284        4.2730687661495770       -1.1422165948459990        3.1308521713035775        343.96500126854062        5899086.5273640063     
   6.9322641813389767        4.7778319577346577       -1.1728292462171650        3.6050027115174932        384.59642597419156        6089724.0214497577     
   7.2788773904059259        4.1288238282096144       -1.1810782161539775        2.9477456120556371        332.35385879067042        5087235.3433472253     
   7.6254905994728750        4.2061707341724865       -1.1680098229507720        3.0381609112217145        338.57997638053791        5568127.3759969911     
   7.9721038085398241        4.3848399398339266       -1.2379804411629736        3.1468594986709535        352.96213517911110        4717256.1454046341     
   8.3187170176067724        3.8960500321148461       -1.1504631260444567        2.7455869060703897        313.61649614785790        5382863.9340663180     
   8.6653302266737207        3.9374797383857651       -1.1730785304387950        2.7644012079469702        316.95142234490879        5185526.8304908313     
   9.0119434357406707        4.1073095241185644       -1.1964261858633198        2.9108833382552448        330.62204307719719        5086456.4081439050     
   9.3585566448076190        4.0878814153828351       -1.1870341341350468        2.9008472812477883        329.05815777329832        5105830.1565224566     
   9.7051698538745690        3.9189267841414730       -1.1479185141050874        2.7710082700363854        315.45798348880459        5279977.4734436329     
   10.051783062941515        3.6880369508962976       -1.1889881927559762        2.4990487581403213        296.87227234504667        4259023.6097205887     
   10.398396272008466        4.4286754724545929       -1.1949189099246125        3.2337565625299800        356.49072080659232        5555236.5045569399     
   10.745009481075414        4.2449332504371649       -1.1527652751669342        3.0921679752702311        341.70020441472565        5940955.0938205468     
   11.091622690142364        4.5844972514014284       -1.1906227873576707        3.3938744640437579        369.03375283493261        5864656.7587893875     
   11.438235899209312        4.0815014178010118       -1.2145910933508537        2.8669103244501586        328.54459340155000        4462050.4161020732     
   11.784849108276260        3.7302451028029262       -1.2242113736453357        2.5060337291575907        300.26986031253182        3994215.4133480149     
   12.131462317343209        3.9799803120724899       -1.2397378752323212        2.7402424368401688        320.37254909996466        4353294.9605187075     
   12.478075526410159        3.8002919497703118       -1.1897713525848626        2.6105205971854493        305.90835225463661        4632458.0173639562     
   12.824688735477107        3.8092869527150111       -1.2398530454903225        2.5694339072246888        306.63241413348908        3623715.9289485225     
   13.171301944544057        4.3455449007915101       -1.1899652233271212        3.1555796774643889        349.79904118419472        4848651.6666998174     
   13.517915153611005        4.4538472583408835       -1.1785059007331753        3.2753413576077079        358.51694922418727        5374923.8329250477     
   13.864528362677953        4.0160094858798177       -1.2319053655927596        2.7841041202870578        323.27275396268885        3948754.0033165342     
   14.211141571744902        4.2559626577795422       -1.1602114825402803        3.0957511752392626        342.58802773752478        5380317.1048671333     
   14.557754780811852        3.7981556103479526       -1.2220119207302307        2.5761436896177221        305.73638544756272        3652104.5257146554     
   14.904367989878800        4.2544950108566235       -1.1814398947678924        3.0730551160887316        342.46988801094170        5132892.9580614092     
   15.250981198945750        3.8442807257017813       -1.1406935845325106        2.7035871411692707        309.44927335773957        4849993.6243651425     
   15.597594408012698        4.0195243789625845       -1.0893462912374590        2.9301780877251251        323.55568884388020        5552965.8148160493     
   15.944207617079648        4.3143043746416589       -1.1506712296299970        3.1636331450116617        347.28430336815762        5610804.4389462611     
   16.290820826146597        4.2143058142967043       -1.1403675758174763        3.0739382384792284        339.23481790038727        5270199.4204579750     
   16.637434035213545        4.1207147583377743       -1.1576854198244246        2.9630293385133495        331.70111099244866        4636784.9768516012     
   16.984047244280493        4.1075651985501214       -1.1610594674705690        2.9465057310795526        330.64262384970226        4345720.3434211379     
   17.330660453347441        4.0938614580168826       -1.0766577952579506        3.0172036627589320        329.53952736615406        5712319.3837059010     
   17.677273662414393        3.8719707345306822       -1.1136443108736489        2.7583264236570333        311.67820868342625        4535600.6323640337     
   18.023886871481341        4.4426612233666560       -1.0795766424020641        3.3630845809645922        357.61651800141362        5673565.6936630839     
   18.370500080548286        4.2231074218581677       -1.1426135857748243        3.0804938360833436        339.94331222185173        4485656.5543667143     
   18.717113289615238        4.0491126885841719       -1.0821443132215303        2.9669683753626415        325.93742981588281        5054567.0081514567     
   19.063726498682186        4.1557034902404730       -1.1179358770620846        3.0377676131783882        334.51756442952757        4553254.7430323483     
   19.410339707749138        4.2660980201391512       -1.0876445230400063        3.1784534970991447        343.40388400328322        5235321.3969994420     
   19.756952916816083        4.0679621618356068       -1.0812350657239547        2.9867270961116525        327.45473727000171        5051145.9790575569     
   20.103566125883031        3.9566876007179164       -1.1123880228318892        2.8442995778860274        318.49757869132247        4419046.1687127911     
   20.450179334949983        4.6131843773399170       -1.0428473633103883        3.5703370140295290        371.34295211297621        6604906.0367606599     
   20.796792544016931        4.3228736989482899       -1.0617741565682259        3.2610995423800642        347.97409981359539        6106582.1974652447     
   21.143405753083879        4.1335122251333338       -1.1095881597670527        3.0239240653662809        332.73125605293529        5166072.3664813535     
   21.490018962150828        4.2053907411537352       -1.0732099547793343        3.1321807863744011        338.51719005193735        6053890.3464968968     
   21.836632171217776        4.0784380892115388       -1.1040415355250535        2.9743965536864851        328.29800766192619        5382300.0804733774     
   22.183245380284728        4.0256002955404417       -1.1425726324765118        2.8830276630639298        324.04477590701521        4662287.6053790059     
   22.529858589351676        3.5381833637754463       -1.1637047690414315        2.3744785947340148        284.80965596675583        3763359.1142892805     
   22.876471798418624        4.1728123328806213       -1.1551503701195944        3.0176619627610268        335.89475805838759        5115633.4330391893     
   23.223085007485572        3.9361803583618880       -1.1719897609584693        2.7641905974034184        316.84682743290978        4723453.3883444676     
   23.569698216552521        4.1857897381214952       -1.1464258289286726        3.0393639091928222        336.93938744640508        5156791.8833499271     
   23.916311425619472        4.0024213893356961       -1.1555629256365803        2.8468584636991161        322.17896635925484        4651929.7584915133     
   24.262924634686417        4.2150139104113515       -1.1594902531377740        3.0555236572735778        339.29181681482140        5100179.8040478369     
   24.609537843753369        4.3852151554510588       -1.0811976643048278        3.3040174911462312        352.99233854050914        6857592.0367538165     
   24.956151052820317        3.9749258048434295       -1.1368028713689080        2.8381229334745219        319.96568141760298        5576221.2248501834     
   25.302764261887265        4.0778511925245473       -1.1384632870590050        2.9393879054655425        328.25076481826204        5447403.6311498480     
   25.649377470954214        3.9207952749505379       -1.0656958526827052        2.8550994222678328        315.60838955027532        6095603.9218546962     
   25.995990680021162        4.3438428019874706       -1.0724335336368760        3.2714092683505949        349.66202901581397        6727977.4978781836     
   26.342603889088114        4.1964375199323571       -1.1280296512779608        3.0684078686543961        337.79649143525114        5721447.3354085609     
   26.689217098155062        4.2994025876875650       -1.0960688712277993        3.2033337164597651        346.08476892369157        6398080.5067785978     
   27.035830307222010        4.2463568391705531       -1.1456994952609472        3.1006573439096057        341.81479763268754        5624842.1215436161     
   27.382443516288959        4.0979330829167813       -1.1297111350646962        2.9682219478520846        329.86727693923677        5779707.7374731610     
   27.729056725355907        3.6357461461865248       -1.1031084525712465        2.5326376936152784        292.66307102097409        5072647.9922463885     
   28.075669934422855        4.3022271064175710       -1.1065145645771814        3.1957125418403893        346.31213142163352        5972130.7654080279     
   28.422283143489803        4.2723332669724661       -1.0638352801283057        3.2084979868441601        343.90579651681935        6762116.9274716694     
   28.768896352556755        4.0150483336813974       -1.0943226153536465        2.9207257183277511        323.19538504230832        5801840.3131313277     
   29.115509561623703        3.9993888699431519       -1.0587724475716622        2.9406164223714897        321.93486063716426        6065472.8169347504     
   29.462122770690652        4.3245683890564051       -1.1055505890389274        3.2190178000174781        348.11051561148878        6123367.5700770747     
   29.808735979757600        4.2420283556890395       -1.1486775648316365        3.0933507908574032        341.46637196774066        5070325.7166976444     
   30.155349188824552        3.9857761289473275       -1.1100530418820123        2.8757230870653152        320.83908925361220        5341760.8321205247     
   30.501962397891500        3.8283658868943409       -1.1669372012382824        2.6614286856560585        308.16819227756724        4781263.5036915950     
   30.848575606958448        4.0866894997374210       -1.0846534628151145        3.0020360369223060        328.96221331536339        6157515.6872163014     
   31.195188816025397        4.0279581344836153       -1.1180433965842280        2.9099147378993875        324.23457254251628        5412929.8862529984     
   31.541802025092341        3.9037402793361768       -1.1203144491623929        2.7834258301737842        314.23553039233229        5121852.7593137352     
   31.888415234159297        4.2796366426285175       -1.0771743114601229        3.2024623311683946        344.49368914253574        5999468.3023183318     
   32.235028443226241        3.9190227953792585       -1.0873527647285572        2.8316700306507010        315.46571201070157        5102742.6429784484     
   32.581641652293193        4.3708296095783483       -1.0976291999865333        3.2732004095918152        351.83435944512144        5545973.7917462783     
   32.928254861360138        4.4530912167997503       -1.1186430617186771        3.3344481550810730        358.45609089405337        5415855.4247247744     
   33.274868070427090        4.1202860048673200       -1.1516512110400439        2.9686347938272757        331.66659804728459        4642830.0186800044     
   33.621481279494041        3.8620840087304691       -1.0849720892836114        2.7771119194468579        310.88236666952008        4813140.8321629409     
   33.968094488560986        4.0361577175957164       -1.0846794962060322        2.9514782213896837        324.89460629575177        4941982.9040119806     
   34.314707697627938        4.2173953303615308       -1.1251724214737999        3.0922229088877304        339.48351162738169        5054211.2245070226     
   34.661320906694883        4.1632355338004032       -1.1643146792830172        2.9989208545173862        335.12386390993140        4262678.4035578212     
   35.007934115761834        3.9593919357766851       -1.1042602387542446        2.8551316970224403        318.71526688283694        4883241.5488663819     
   35.354547324828786        4.1077034114579938       -1.1277531472444267        2.9799502642135671        330.65374943780614        4631386.0023294315     
   35.701160533895731        3.9044988176126121       -1.1411719090648336        2.7633269085477785        314.29658969970484        4517385.8353411490     
   36.047773742962683        4.0854298900874575       -1.0946440080565063        2.9907858820309512        328.86081975992147        5534849.0180475516     
   36.394386952029627        4.2259581163975062       -1.1160698952906229        3.1098882211068828        340.17278176809612        5595503.9514523353     
   36.741000161096572        4.3696412778905609       -1.1592222503899481        3.2104190275006128        351.73870348148813        5313276.6366443867     
   37.087613370163531        3.9754795030193355       -1.1001317369502881        2.8753477660690474        320.01025191346923        5720799.0985300737     
   37.434226579230476        4.2087236766796057       -1.1555945871634248        3.0531290895161809        338.78547807516446        5486314.6503086984     
   37.780839788297428        4.0827728003247525       -1.1093783603124900        2.9733944400122625        328.64693462639883        5944715.4712752867     
   38.127452997364372        3.8756028198349681       -1.0931484459623679        2.7824543738726004        311.97057707126800        5986835.2060779771     
   38.474066206431317        4.3999183017377064       -1.1138143709298864        3.2861039308078199        354.17588320311830        7065680.7438579090     
   38.820679415498276        4.2284583233502406       -1.0556544929854463        3.1728038303647947        340.37403846082282        7497935.2586456714     
   39.167292624565221        4.1967403603474533       -1.0281922233424559        3.1685481370049970        337.82086888140594        7633081.6417581327     
   39.513905833632165        4.2476141997708785       -1.1232658989409974        3.1243483008298814        341.91601014859936        5957985.8337911740     
   39.860519042699117        4.1884664183043432       -1.0961160771170930        3.0923503411872502        337.15484953065294        6106996.7649666099     
   40.207132251766062        4.1780279696511009       -1.1038627726988408        3.0741651969522601        336.31459602649750        5981210.4263868211     
   40.553745460833021        3.9861056933863535       -1.1416328621566851        2.8444728312296683        320.86561787715920        5019678.7093318477     
   40.900358669899965        4.0124530960751308       -1.1934956670519603        2.8189574290231700        322.98647876080793        4612447.8322637752     
   41.246971878966910        4.1500793878421876       -1.1790794955226152        2.9709998923195728        334.06484660671015        4967515.4649772756     
   41.593585088033862        4.2910206426204285       -1.2235116417370806        3.0675090008833474        345.41005576005381        4968601.3643311867     
   41.940198297100807        4.1683847020115410       -1.2015138900633502        2.9668708119481906        335.53835142398839        5054682.7815848803     
   42.286811506167759        4.2787614628785118       -1.1650607421150065        3.1137007207635050        344.42324066152707        5634046.7748325448     
   42.633424715234710        4.5466651232625086       -1.1648887245663939        3.3817763986961147        365.98841733591581        6143042.1811488885     
   42.980037924301655        3.8328378634948810       -1.1685157546371494        2.6643221088577316        308.52816856656653        4732954.6914217118     
   43.326651133368607        3.7922198265841436       -1.1550053931658641        2.6372144334182792        305.25857851732508        5052208.2004919816     
   43.673264342435552        3.9431852651019921       -1.1539075163081556        2.7892777487938365        317.41069450072598        4789998.7275551427     
   44.019877551502503        4.4365921349404855       -1.0701604498319730        3.3664316851085125        357.12798057726917        7059485.0933719007     
   44.366490760569455        3.9873833842920452       -1.1009397100606626        2.8864436742313826        320.96846690160703        5995644.3465438513     
   44.713103969636400        4.1322576018243726       -1.0948699599205736        3.0373876419037988        332.63026387806633        6216808.5307053421     
   45.059717178703352        4.0400070240960337       -1.1425706572423020        2.8974363668537313        325.20446012393103        5783446.7365058204     
   45.406330387770296        4.2462932672589107       -1.1550017958519736        3.0912914714069371        341.80968034722707        5765227.2937795743     
   45.752943596837248        4.3419306111897686       -1.1258868119504879        3.2160437992392805        349.50810527946601        6262161.4807559000     
   46.099556805904200        3.8999317354783969       -1.1182941354012710        2.7816376000771261        313.92895779437879        5461439.7780276220     
   46.446170014971145        4.4180632499043728       -1.1436003762314000        3.2744628736729728        355.63647919647252        6025438.0189856421     
   46.792783224038089        4.2904025409130666       -1.1339966700410404        3.1564058708720268        345.36030103664734        5604475.2800335782     
   47.139396433105041        4.0420926486916997       -1.1760062829016384        2.8660863657900615        325.37234458962871        4741981.6955475397     
   47.486009642171993        4.3737192349011442       -1.2152814256113187        3.1584378092898255        352.06696276423833        4677719.9700158061     
   47.832622851238945        4.1442447950370171       -1.1771547129327073        2.9670900821043094        333.59518514524939        4678193.6039658906     
   48.179236060305890        3.9140904976576985       -1.1456642128070438        2.7684262848506549        315.06868170651063        4893804.5727850301     
   48.525849269372834        3.9769032274249096       -1.1340911959786120        2.8428120314462975        320.12485605250129        5026505.4422526890     
   48.872462478439786        4.2281600314613419       -1.1883685658895542        3.0397914655717879        340.35002715289437        4810907.9163825065     
   49.219075687506738        4.2235394768118839       -1.1305557003274538        3.0929837764844299        339.97809092325718        5524035.2217127746     
   49.565688896573683        4.2495171296170122       -1.1231901745685249        3.1263269550484876        342.06918841526442        5947270.4052893417     
   49.912302105640634        3.9799002417332101       -1.1726899480400492        2.8072102936931609        320.36610375684967        4840401.0167722031     
   50.258915314707579        4.0934073596941909       -1.1689054897541042        2.9245018699400869        329.50297426142106        5074121.0248154076     
   50.605528523774531        4.4911642415407442       -1.2780351622569925        3.2131290792837519        361.52081760921317        4667104.3039200744     
   50.952141732841483        3.9237256159863723       -1.2610168022512664        2.6627088137351063        315.84427032198033        3980310.1048143455     
   51.298754941908427        4.2883795415891317       -1.2578017070153440        3.0305778345737879        345.19745765567114        4677415.3508719048     
   51.645368150975379        4.4982620657167347       -1.2590557750478448        3.2392062906688901        362.09216416020683        5391810.6580637805     
   51.991981360042324        4.0721884064062497       -1.2340963178268491        2.8380920885794003        327.79493311019456        5277366.2270872965     
   52.338594569109276        4.1706325469050505       -1.2231815090849323        2.9474510378201186        335.71929397697807        5203496.0720538003     
   52.685207778176228        4.1700706932866680       -1.2194460806798761        2.9506246126067914        335.67406700050373        5081328.7617837302     
   53.031820987243172        3.9923653826376744       -1.2691326074050677        2.7232327752326069        321.36949790790612        4286891.3887061896     
   53.378434196310124        4.1955266137692915       -1.2293390091108163        2.9661876046584750        337.72316712041294        5092072.7148435814     
   53.725047405377069        4.2891127034397645       -1.2610434136598705        3.0280692897798942        345.25647426192864        4604740.7643776126     
   54.071660614444021        4.0913753131641259       -1.2472425648273036        2.8441327483368224        329.33940261641766        4673765.9855763931     
   54.418273823510972        4.4144582568110549       -1.2576389275600555        3.1568193292509990        355.34629162361171        5367840.4015171342     
   54.764887032577917        4.1336871549351608       -1.1808745207946434        2.9528126341405172        332.74533720463222        6084401.8645619657     
   55.111500241644869        3.9840210021522595       -1.2816563444010400        2.7023646577512190        320.69780854334732        4507324.4207992125     
   55.458113450711814        4.0976953061421693       -1.2431808688943331        2.8545144372478362        329.84813685676750        5422118.9468946159     
   55.804726659778765        4.4992068003859957       -1.1906275869816376        3.3085792134043581        362.16821153493777        6993602.4383720942     
   56.151339868845710        3.8660865035716774       -1.2153914697675663        2.6506950338041109        311.20455154846223        5419387.0664757406     
   56.497953077912662        3.9027116211813198       -1.2495942258663641        2.6531173953149554        314.15272751156823        4899325.7709106654     
   56.844566286979607        4.4658557419676574       -1.2576949911414301        3.2081607508262278        359.48358428483442        5461926.9363776827     
   57.191179496046558        4.1004087653876802       -1.2137781599201820        2.8866306054674982        330.06655950894151        5636584.9065546012     
   57.537792705113510        4.2945876696365888       -1.1608131539368318        3.1337745156997574        345.69718721505365        6842480.0745789148     
   57.884405914180455        4.3300767022804907       -1.2592308278695350        3.0708458744109559        348.55391286737176        5279264.9101134473     
   58.231019123247407        4.3155851742261158       -1.1941064018462819        3.1214787723798341        347.38740262885352        6358920.4789124625     
   58.577632332314352        4.1362963339201153       -1.1526528921477224        2.9836434417723932        332.95536571154025        6921035.4553478342     
   58.924245541381303        4.2869039962532947       -1.2320337469252336        3.0548702493280611        345.07868213833478        6383151.9536255170     
   59.270858750448255        4.6459110505063821       -1.2167804882445354        3.4291305622618466        373.97731883938900        7376427.0713488776     
   59.617471959515200        4.2290870395519038       -1.2069290646063884        3.0221579749455159        340.42464760870638        6654648.8170118993     
   59.964085168582152        4.2494713688716139       -1.2493084634472322        3.0001629054243821        342.06550485768309        6069470.4680766324     
   60.310698377649103        3.8054650911631667       -1.2666037117811171        2.5388613793820496        306.32476951425377        5039276.4143134356     
   60.657311586716048        4.2270435291275072       -1.3020180703634718        2.9250254587640354        340.26015316590968        5243126.2655864349     
   61.003924795783000        3.9975168989367553       -1.2673614461476976        2.7301554527890577        321.78417443368204        5025584.3064348064     
   61.350538004849945        3.8133991382329295       -1.2564521801388084        2.5569469580941209        306.96342867462920        4441693.0548261991     
   61.697151213916896        3.7269467410304244       -1.2609779296446801        2.4659688113857441        300.00435533862401        4243593.0616945205     
   62.043764422983848        4.1175998734903754       -1.1714985456702622        2.9461013278201134        331.45037517958878        6214314.1329919742     
   62.390377632050793        3.6070771040423080       -1.1761674912257234        2.4309096128165848        290.35532741627918        4943135.0794593580     
   62.736990841117745        4.0264878597110139       -1.2205596485899757        2.8059282111210377        324.11622128450949        5213722.6771913748     
   63.083604050184682        3.7840760576198860       -1.1417015138261071        2.6423745437937791        304.60303758049020        5950689.0729964552     
   63.430217259251641        4.0199486747748905       -1.2316006169130760        2.7883480578618145        323.58984296533367        5284454.0326687312     
   63.776830468318593        3.9583496406216856       -1.2231282867565965        2.7352213538650894        318.63136627792471        4993018.0960375164     
   64.123443677385538        4.3146348302283029       -1.2394540059309045        3.0751808242973984        347.31090372553535        5530161.3191124788     
   64.470056886452483        4.2711059737076154       -1.2425407557810717        3.0285652179265434        343.80700430155116        5786535.8406842696     
   64.816670095519427        4.2676695894757319       -1.2065473265365947        3.0611222629391373        343.53038906988382        6167395.9356372170     
   65.163283304586386        4.1153560182954054       -1.2209569511003397        2.8943990671950659        331.26975378142680        5746525.0192391602     
   65.509896513653331        4.4065727176315042       -1.2186786917509178        3.1878940258805866        354.71153715502373        6242148.3969618995     
   65.856509722720276        4.3107355001880086       -1.2671576742665491        3.0435778259214596        346.99702320180472        5505497.3826971408     
   66.203122931787235        4.0846614590136685       -1.3049177575635236        2.7797437014501445        328.79896412179920        4719193.0221132496     
   66.549736140854179        4.0960971668818509       -1.2511240332271591        2.8449731336546922        329.71949301722594        5277665.1952874055     
   66.896349349921124        3.9972239772394089       -1.2167298631702419        2.7804941140691670        321.76059540476547        6102805.9559118543     
   67.242962558988083        4.4163085804684306       -1.1959601397949553        3.2203484406734750        355.49523530179403        6989260.7970141647     
   67.589575768055028        4.1008737329780294       -1.3064589176103933        2.7944148153676363        330.10398754639118        5140143.0697958348     
   67.936188977121972        4.1322916854772931       -1.1850581042369899        2.9472335812403037        332.63300747625345        6274692.3341924055     
   68.282802186188917        3.7603119961992348       -1.2644868942779435        2.4958251019212914        302.69012537054567        4741383.4713309677     
   68.629415395255876        4.1556327620417584       -1.2870412441304153        2.8685915179113435        334.51187109148606        5236874.2340428811     
   68.976028604322821        3.8350495602381955       -1.3096488753481281        2.5254006848900676        308.70620133756864        3765835.9112715703     
   69.322641813389765        4.1785046133659565       -1.3086766842471518        2.8698279291188049        336.35296394542360        4556938.2865971448     
   69.669255022456724        4.1102135080425466       -1.2573796667370332        2.8528338413055137        330.85580220646960        5052752.5725587290     
   70.015868231523669        3.8704525332259139       -1.2916207400274664        2.5788317931984475        311.55599953063717        4326302.3548254631     
   70.362481440590614        4.1492019490357421       -1.2838196260101631        2.8653823230255790        333.99421628066364        5181176.9940927001     
   70.709094649657573        3.8991530907908101       -1.1586640406092141        2.7404890501815959        313.86628000106191        6950390.5548523339     
   71.055707858724517        3.9932952098060004       -1.2280174684289431        2.7652777413770573        321.44434528824002        6727211.9726866465     
   71.402321067791462        3.9794240695329135       -1.1878261989844037        2.7915978705485096        320.32777379296596        7227275.0505766338     
   71.748934276858407        4.2999231934948634       -1.2765281596797773        3.0233950338150861        346.12667561580622        6118945.6792191155     
   72.095547485925366        4.1787992073631610       -1.3000536915090972        2.8787455158540634        336.37667758781208        5444304.8932640515     
   72.442160694992310        3.9198020202056858       -1.2437155309245713        2.6760864892811145        315.52843650288241        5811215.1741205715     
   72.788773904059255        4.3193942617214720       -1.2857110434221157        3.0336832182993567        347.69401898746469        5397326.6457661418     
   73.135387113126214        3.6391384106747600       -1.3036631069709514        2.3354753037038085        292.93613478915927        4324673.1253332831     
   73.482000322193144        4.0443600508382449       -1.2710558889586063        2.7733041618796390        325.55486142352356        5092487.7671156405     
   73.828613531260103        4.0203693882800700       -1.2201161093515351        2.8002532789285342        323.62370872534410        5870169.3082072763     
   74.175226740327062        4.0619604554606132       -1.2666406984558940        2.7953197570047199        326.97162383236139        5352205.0394999683     
   74.521839949393993        3.8625110973771988       -1.1597371967637744        2.7027739006134248        310.91674560301112        6721912.2109808484     
   74.868453158460952        4.1968455677163137       -1.2589878773130017        2.9378576904033120        337.82933765519454        6032649.5894248234     
   75.215066367527896        4.0040261051597570       -1.2490696245211741        2.7549564806385831        322.30813958596048        6075594.5432890020     
   75.561679576594855        3.7397498447121960       -1.1878003936028905        2.5519494511093055        301.03495414597955        6662309.0833223658     
   75.908292785661800        4.0464710165695319       -1.2637840905607396        2.7826869260087927        325.72478574961724        6058775.3215781087     
   76.254905994728745        4.2920609452545202       -1.2586653436470703        3.0333956016074501        345.49379597497614        6129608.1971046915     
   76.601519203795704        4.0779766960549377       -1.1967688999824433        2.8812077960724944        328.26086735214398        6166783.4056772310     
   76.948132412862634        4.0785002998154711       -1.3230433733638263        2.7554569264516449        328.30301536754286        4321313.3275115732     
   77.294745621929593        4.1916825849128463       -1.2964251526129700        2.8952574322998768        337.41373812152636        4699300.7061678749     
   77.641358830996552        4.1545147052099054       -1.2537476546142627        2.9007670505956429        334.42187197360778        5669433.4493924230     
   77.987972040063482        3.8992233305272164       -1.2798062046800964        2.6194171258471202        313.87193401983490        5007014.0455002012     
   78.334585249130441        3.9202810101888188       -1.3142824144796310        2.6059985957091878        315.56699328705145        4366187.7835933510     
   78.681198458197386        4.2863929660763738       -1.2670415341822290        3.0193514318941452        345.03754624629278        5406805.1121716518     
   79.027811667264331        3.9346446246663498       -1.2448888975793204        2.6897557270870291        316.72320699255584        4974421.1625747476     
   79.374424876331290        4.4583094878180187       -1.2813737782827044        3.1769357095353139        358.87614090860899        5651436.6194839710     
   79.721038085398234        3.7174919240633644       -1.2539527398795576        2.4635391841838064        299.24328026400053        5042368.1170660779     
   80.067651294465179        4.1123051650927911       -1.2431930907030642        2.8691120743897272        331.02417226071259        5728486.3832965232     
   80.414264503532124        4.1277320870497078       -1.2483717074866001        2.8793603795631078        332.26597797947755        5214265.9434025967     
   80.760877712599083        3.7182134270333171       -1.2521721852807874        2.4660412417525293        299.30135837684088        4518293.5946280826     
   81.107490921666042        4.1245431484400230       -1.2764776612194626        2.8480654872205604        332.00928113396577        4803615.0166099221     
   81.454104130732972        3.8480488123215628       -1.2380588804429018        2.6099899318786610        309.75258930931534        4985518.3701669229     
   81.800717339799931        3.9599779969505997       -1.1813643963013476        2.7786136006492521        318.76244247102915        6002303.9919718001     
   82.147330548866876        3.7974535070916842       -1.2770204910403264        2.5204330160513577        305.67986893433783        4110927.2239867211     
   82.493943757933820        4.0529110671079929       -1.2555255622444443        2.7973855048635485        326.24318414497634        4866851.8617352033     
   82.840556967000779        3.9418441853434159       -1.2992366777301223        2.6426075076132935        317.30274292631788        4165655.0158829992     
   83.187170176067724        3.9694766676542601       -1.2937779618320659        2.6756987058221942        319.52704759662794        4537516.3836736251     
   83.533783385134669        4.2911099445099312       -1.1479630175692053        3.1431469269407262        345.41724420616060        7126723.4120606780     
   83.880396594201613        3.9221294716378425       -1.2093498615854128        2.7127796100524302        315.71578706488515        5742908.9740756806     
   84.227009803268572        4.0794968505956515       -1.1817822892980636        2.8977145612975881        328.38323373264024        6146403.2882310646     
   84.573623012335517        4.1959068725727215       -1.2115364406023112        2.9843704319704103        337.75377643820354        5455567.1183622060     
   84.920236221402462        4.4198582836110747       -1.1998380979514631        3.2200201856596120        355.78097225403667        5965048.4979743417     
   85.266849430469421        4.1722012945608817       -1.2448306514502552        2.9273706431106268        335.84557190952677        5141875.0037876936     
   85.613462639536365        4.3392971787341246       -1.2565061997121572        3.0827909790219672        349.29612446485288        5146439.5959025398     
   85.960075848603310        4.1967907437400731       -1.2321346545649741        2.9646560891750995        337.82492454366070        5567745.8618235877     
   86.306689057670269        4.1454543094751806       -1.2385073058414664        2.9069470036337139        333.69254623584385        5549348.7240524124     
   86.653302266737214        4.0071066934712132       -1.1564724481439752        2.8506342453272380        322.55611466439871        6420041.1726915203     
   86.999915475804158        4.2754179988487806       -1.1868680235187183        3.0885499753300620        344.15410513571049        6130830.1999498447     
   87.346528684871103        3.6868809156067557       -1.2400529608714868        2.4468279547352689        296.77921611272399        4307286.8573974445     
   87.693141893938062        4.6214532135292501       -1.1948413722305233        3.4266118412987265        372.00856046285446        6489085.6377635784     
   88.039755103005007        4.1589608531191331       -1.1607594528070151        2.9982014003121180        334.77976915592143        6118844.5892321654     
   88.386368312071951        4.3821847729744601       -1.1459695222378941        3.2362152507365658        352.74840483163348        6681324.6903288988     
   88.732981521138910        4.0833785086902017       -1.1452345153385133        2.9381439933516882        328.69569173518693        6082681.9762773057     
   89.079594730205855        4.0593191133099156       -1.2472658083055352        2.8120533050043806        326.75900631882809        4501582.6152830953     
   89.426207939272800        4.0676119957508510       -1.2715776130196741        2.7960343827311762        327.42655029610097        4066156.4768409617     
   89.772821148339759        4.1006152711219164       -1.2410032073454560        2.8596120637764608        330.08318239732125        4972095.4268695358     
   90.119434357406703        3.8543283566998077       -1.2847413952984477        2.5695869614013600        310.25806759862803        3768269.2448080266     
   90.466047566473648        3.9308688494263002       -1.2916322126625008        2.6392366367637994        316.41927213769890        3801959.4499692759     
   90.812660775540593        3.9690068841853465       -1.2415628109520913        2.7274440732332548        319.48923190015216        4805101.7946947990     
   91.159273984607552        4.1394272097800444       -1.1708252492635831        2.9686019605164615        333.20738873716141        5801622.9396366151     
   91.505887193674496        4.5158660640838537       -1.2933993550222631        3.2224667090615906        363.50921585117072        5010225.2744744960     
   91.852500402741441        4.0232398589434277       -1.2794218157707493        2.7438180431726789        323.85477017073549        3888122.7973019513     
   92.199113611808400        4.2005777570928178       -1.2096464782405287        2.9909312788522886        338.12976402178924        4941805.2627344634     
   92.545726820875331        4.6202021214167877       -1.2531566300122694        3.3670454914045180        371.90785253522665        5253256.0338519178     
   92.892340029942289        4.2775643153158622       -1.1874573232071068        3.0901069921087556        344.32687505511149        5596551.8269938855     
   93.238953239009248        4.2168406110971386       -1.2409029761584502        2.9759376349386888        339.43885893796283        4686045.0901958011     
   93.585566448076179        4.0634170175530038       -1.2152106472298898        2.8482063703231133        327.08887127427607        4896711.1569907833     
   93.932179657143138        4.0035862693290296       -1.1836497990682406        2.8199364702607888        322.27273455497368        5028600.0793294758     
   94.278792866210082        4.3206795198498824       -1.2104406249388546        3.1102388949110278        347.79747714317500        5174665.2529963059     
   94.625406075277041        4.1144433629033390       -1.2158912769060026        2.8985520859973364        331.19628866062726        4876339.1332560964     
   94.972019284343986        4.0986490937750020       -1.1844332034861687        2.9142158902888333        329.92491295897685        5381997.1078165546     
   95.318632493410931        4.0850746950681902       -1.2000284245136024        2.8850462705545881        328.83222797684033        4999184.9737751046     
   95.665245702477890        4.4554003925804464       -1.2298798965443678        3.2255204960360793        358.64197033896869        5734887.1861801259     
   96.011858911544820        4.1406638066578161       -1.2723795198569019        2.8682842868009137        333.30692985618123        4489882.7273502257     
   96.358472120611779        3.9112772924942392       -1.2865028215429104        2.6247744709513290        314.84222990557464        4194195.1043692688     
   96.705085329678738        4.0405868722331642       -1.2991005051265114        2.7414863671066527        325.25113558743021        3905503.7089982661     
   97.051698538745669        4.3531558161530119       -1.2863496209708292        3.0668061951821826        350.41168953020599        4429267.3794259923     
   97.398311747812627        4.1933523984182601       -1.2212463293395321        2.9721060690787278        337.54815145207175        5206833.7500176141     
   97.744924956879572        4.0119891995719632       -1.2219025786146793        2.7900866209572843        322.94913694160664        4787554.3458129596     
   98.091538165946517        4.0217043686984502       -1.2122299676425392        2.8094744010559110        323.73116932718114        5192709.3031933149     
   98.438151375013476        4.1107632222799317       -1.2507456110304094        2.8600176112495221        330.90005201116674        4657271.1463066470     
   98.784764584080420        4.0618383073564885       -1.3025466557548420        2.7592916516016461        326.96179139691748        3687309.7862686599     
   99.131377793147365        4.3475770171290389       -1.2490426243136850        3.0985343928153535        349.96261844842064        5045202.3409328554     
   99.477991002214310        4.6899972386961917       -1.2282290618869529        3.4617681768092385        377.52608124095860        5859639.1610896271     
   99.824604211281269        4.2684648719370530       -1.2458145048510323        3.0226503670860212        343.59440613766054        5123694.4195549153     
   100.17121742034823        4.2908892715555451       -1.2593308938840106        3.0315583776715340        345.39948091303586        5073532.4737767857     
   100.51783062941516        4.4782501233551892       -1.2480557490377495        3.2301943743174397        360.48128257685767        5731065.0612962544     
   100.86444383848212        4.2840322852892934       -1.2679557731857500        3.0160765121035431        344.84752085368609        4662145.7511292594     
   101.21105704754906        4.2171226436717557       -1.1874354525028175        3.0296871911689385        339.46156143590866        5665488.7210797090     
   101.55767025661601        4.0331957771656040       -1.1987993328662694        2.8343964442993341        324.65618189877699        5131295.2120147403     
   101.90428346568297        3.8106309992995211       -1.2477001029592198        2.5629308963403017        306.74060452555773        4187275.2349923747     
   102.25089667474991        4.1879042210676358       -1.2450657531635150        2.9428384679041213        337.10959489427336        5507867.2929221299     
   102.59750988381685        4.2193928567127168       -1.3035170712895745        2.9158757854231419        339.64430453559845        4488487.4924167525     
   102.94412309288380        3.9827811085093026       -1.2658404555987379        2.7169406529105649        320.59800204787251        4896512.3520991597     
   103.29073630195076        4.0884228525165804       -1.2494336780765656        2.8389891744400142        329.10174130414873        5514074.6646596212     
   103.63734951101770        3.7509901712346601       -1.1878445177384276        2.5631456534962322        301.93975562195533        6060360.5577615146     
   103.98396272008465        4.4945673918166031       -1.2333535212535192        3.2612138705630840        361.79475763990621        6504863.0338024693     
   104.33057592915161        4.4770917963375432       -1.2748561205907412        3.2022356757468020        360.38804186955844        5842923.9836057285     
   104.67718913821855        3.8465466674484885       -1.2532815500923169        2.5932651173561716        309.63167263526935        5172006.0538626974     
   105.02380234728550        4.0828225813673749       -1.1604292998161545        2.9223932815512206        328.65094180187998        6549313.5973767526     
   105.37041555635246        4.0492571075404378       -1.3296603535299121        2.7195967540105261        325.94905496614223        4478698.5279244874     
   105.71702876541940        3.6507051511219202       -1.3215036598863297        2.3292014912355903        293.86721128483788        3582115.8069704245     
   106.06364197448634        3.9518636921725525       -1.2963979788072575        2.6554657133652948        318.10927328372645        3884091.3200775506     
   106.41025518355329        4.0592234958023843       -1.3085081685865123        2.7507153272158722        326.75130949064692        3944185.7485117540     
   106.75686839262025        3.7664606034020323       -1.2850777668715014        2.4813828365305310        303.18506373921036        3859464.6351191085     
   107.10348160168719        4.0087378035960874       -1.2547299809170172        2.7540078226790699        322.68741252710009        4543871.9803219391     
   107.45009481075414        4.1678346573430911       -1.2803971051468943        2.8874375521961970        335.49407502090776        4237542.2547792709     
   107.79670801982110        4.5593917829971691       -1.2652790682098589        3.2941127147873099        367.01286271026942        5428354.8727620281     
   108.14332122888804        3.7803893179787762       -1.2594839806260953        2.5209053373526809        304.30626973641131        4423603.1032905225     
   108.48993443795499        4.2031696693969938       -1.2936595885927220        2.9095100808042722        338.33840262972757        4602111.3421347691     
   108.83654764702194        4.4254140405821474       -1.2637253563339994        3.1616886842481478        356.22818854241962        5492548.2412408609     
   109.18316085608889        4.3208373405480458       -1.2565197035252305        3.0643176370228153        347.81018108023170        5300369.8605387500     
   109.52977406515583        4.2039684595091265       -1.2682711556795494        2.9356973038295768        338.40270204941140        5052117.6556186127     
   109.87638727422278        4.0741756321411682       -1.2642843038017930        2.8098913283393752        327.95489685986485        4990844.8066691272     
   110.22300048328974        4.1097650525165159       -1.2746621893890375        2.8351028631274779        330.81970332437294        4921054.8028336670     
   110.56961369235668        4.3562288078405436       -1.2502898337896726        3.1059389740508712        350.65905311070190        5687324.1854772270     
   110.91622690142363        4.2768650274076396       -1.2618834347691898        3.0149815926384500        344.27058516618098        5587576.9404308479     
   111.26284011049059        4.2230019568288863       -1.2617169879482266        2.9612849688806597        339.93482270742641        5187717.8314737501     
   111.60945331955753        3.9486654444359370       -1.3028207385127524        2.6458447059231851        317.85182709060723        4219147.6571715912     
   111.95606652862446        3.8036200656822943       -1.3245314109024928        2.4790886547798014        306.17625231815896        3929777.6491564573     
   112.30267973769142        4.2817003279993910       -1.3045008390633064        2.9771994889360847        344.65980758809729        4939106.5189769156     
   112.64929294675837        3.9085654297789354       -1.3070315272050024        2.6015339025739332        314.62393576771785        4177895.4796936382     
   112.99590615582532        4.0366519002751113       -1.2469433675623731        2.7897085327127376        324.93438603140493        5026393.4824571395     
   113.34251936489228        4.5034847075518627       -1.2838795747812757        3.2196051327705870        362.51256600809558        5112277.8854828849     
   113.68913257395921        3.7313728678900779       -1.2804863160522713        2.4508865518378062        300.36064090626007        4010379.9100360614     
   114.03574578302616        4.1387951197282691       -1.2355912361457333        2.9032038835825360        333.15650800779355        5424396.0498888595     
   114.38235899209312        4.2847342418929859       -1.2974490933776583        2.9872851485153271        344.90402556196324        5074203.8157215854     
   114.72897220116008        4.1232348306375259       -1.2566789665520850        2.8665558640854405        331.90396676641791        5078907.9233390177     
   115.07558541022702        4.0573900582989637       -1.2603563065769141        2.7970337517220498        326.60372508054206        4939356.1550306669     
   115.42219861929395        4.0789311643839596       -1.2193139434811724        2.8596172209027868        328.33769824768291        5418371.0692241723     
   115.76881182836091        4.4094292017168950       -1.2734197699824672        3.1360094317344274        354.94147273664561        5092435.5645968514     
   116.11542503742785        4.7534622395961685       -1.2235858960088264        3.5298763435873424        382.63476081288582        6429265.7452888219     
   116.46203824649481        4.1886829378802783       -1.2833658410040856        2.9053170968761926        337.17227849336962        4753367.1103542736     
   116.80865145556177        4.2918829509609315       -1.1937821675105833        3.0981007834503482        345.47946814390889        5721129.2656946545     
   117.15526466462870        4.2286481386599091       -1.2338857857517649        2.9947623529081442        340.38931783656051        4881265.1192759825     
   117.50187787369565        4.8509921965270193       -1.2752630921383548        3.5757291043886643        390.48553354680308        5314746.9057455901     
   117.84849108276261        4.1594876003858881       -1.2297510552341584        2.9297365451517301        334.82217021103975        4770393.2656477457     
   118.19510429182955        3.8507248338504887       -1.2598401685678065        2.5908846652826818        309.96799837454807        4592867.5233823461     
   118.54171750089651        4.2193101223626650       -1.1153651135956804        3.1039450087669844        339.63764475023629        6987517.2557140524     
   118.88833070996347        4.1431412593669767       -1.1909868250571005        2.9521544343098762        333.50635492300910        4989471.0769550726     
   119.23494391903040        4.0957765992346991       -1.1150537716221167        2.9807228276125821        329.69368859955944        6181410.8470365694     
   119.58155712809734        4.0199433339096151       -1.1300180337648369        2.8899253001447782        323.58941304697009        5494050.9477061145     
   119.92817033716430        4.2040058418330251       -1.1617710510097468        3.0422347908232781        338.40571117746225        5280725.0499018840     
   120.27478354623126        3.9168261595497040       -1.1628948503409740        2.7539313092087303        315.28889158321761        5197115.0558067197     
   120.62139675529821        4.4612712720689469       -1.1311691336554899        3.3301021384134573        359.11455273378209        6384549.5907731727     
   120.96800996436514        3.9070174577468806       -1.2034830919913051        2.7035343657555755        314.49933019006193        4405743.3811098831     
   121.31462317343210        4.2003429427256647       -1.2136264749697985        2.9867164677558660        338.11086240131090        4416414.1084705619     
   121.66123638249904        4.1721407207616403       -1.1581598185900768        3.0139809021715633        335.84069596016269        5225322.8098795908     
   122.00784959156600        3.9507523970696314       -1.1976444634346306        2.7531079336350008        318.01981845807194        4385071.6014219839     
   122.35446280063296        4.2771547082009054       -1.1795844625910845        3.0975702456098206        344.29390331523877        5301675.9847520944     
   122.70107600969989        3.9164524900453577       -1.2134098180949631        2.7030426719503939        315.25881267773519        4198881.6482359134     
   123.04768921876683        3.7682186850168047       -1.1663482285603712        2.6018704564564334        303.32658230068211        4439679.5055712210     
   123.39430242783379        3.9750996723405723       -1.1073616557976540        2.8677380165429183        319.97967705800755        5520937.5167241283     
   123.74091563690074        4.2702255008666992       -1.1520981425545482        3.1181273583121505        343.73612974782480        5323628.2402596958     
   124.08752884596770        3.9710034355019443       -1.0970640476343843        2.8739393878675603        319.64994632197158        5397689.3292215699     
   124.43414205503463        3.8144063524829908       -1.1934283801570813        2.6209779723259095        307.04450540654244        4050020.3292613612     
   124.78075526410159        3.9716682677374249       -1.1722776232279857        2.7993906445094394        319.70346266660243        4858214.0914026946     
   125.12736847316853        4.3821542359133563       -1.2077879526800810        3.1743662832332751        352.74594671994930        5443474.6676065298     
   125.47398168223549        4.1432270030856113       -1.2322773889516203        2.9109496141339912        333.51325695054550        4623726.0371824550     
   125.82059489130245        4.1761730498506004       -1.2165205988716523        2.9596524509789486        336.16528237711600        5347257.4793249182     
   126.16720810036936        3.8972906694182305       -1.3037169456983562        2.5935737237198744        313.71636250503263        3387128.6584831211     
   126.51382130943632        3.9581150460694903       -1.2608992918060831        2.6972157542634072        318.61248235167415        4355516.8531021830     
   126.86043451850328        3.8155503804512421       -1.2397697857437384        2.5757805947075036        307.13659509736794        4307011.4627495613     
   127.20704772757023        4.4940927989105619       -1.2735567371341474        3.2205360617764147        361.75655480291431        4783122.9409043267     
   127.55366093663719        3.8977851862985657       -1.2456297090000967        2.6521554772984688        313.75616914252919        4254841.3244523648     
   127.90027414570412        4.5239595462290669       -1.2548195516523013        3.2691399945767654        364.16070889953880        4982159.8518184423     
   128.24688735477108        4.4711335731445017       -1.1948158088548166        3.2763177642896846        359.90842865472132        5814276.7952193618     
   128.59350056383803        4.0614321801019297       -1.1610456996462308        2.9003864804556985        326.92909977193449        5637881.1426212536     
   128.94011377290497        4.0575336929605168       -1.2041487205837651        2.8533849723767513        326.61528709820357        5034740.4057113007     
   129.28672698197192        3.7895804727999178       -1.2012813145125414        2.5882991582873767        305.04612105936627        4814140.5524712633     
   129.63334019103885        4.3059030048746223       -1.1757052861428781        3.1301977187317438        346.60802659361360        5990659.3477995256     
   129.97995340010581        4.3418466560218487       -1.2409329518695278        3.1009137041523211        349.50134722313220        5079268.0207894938     
   130.32656660917277        4.6517023440417828       -1.2263753012541898        3.4253270427875928        374.44349488224384        6403391.2988371244     
   130.67317981823973        4.3036730775193197       -1.2133207447528005        3.0903523327665194        346.42852633102217        5903273.1494404813     
   131.01979302730666        4.3830390857668045       -1.2901080041268083        3.0929310816399966        352.81717360573572        4777485.6595136672     
   131.36640623637359        4.2090938220750234       -1.2725397552674769        2.9365540668075467        338.81527330392674        5154287.4186886093     
   131.71301944544055        4.0775209348985486       -1.2062979589061695        2.8712229759923793        328.22418039592714        6153163.0005998835     
   132.05963265450751        4.0291644595903433       -1.2676091411272703        2.7615553184630728        324.33167690464421        4884678.0135772759     
   132.40624586357447        4.1973127721772130       -1.2750908566754580        2.9222219155017553        337.86694575180633        4694797.4845240973     
   132.75285907264143        3.8625987760614113       -1.2773297293199344        2.5852690467414772        310.92380338756288        4456143.7625367325     
   133.09947228170836        4.0806337784666153       -1.1395380524563621        2.9410957260102535        328.47475189393828        6743260.2817054223     
   133.44608549077529        4.1621987722701679       -1.2435976972853233        2.9186010749848448        335.04040873975305        5660257.6088149687     
   133.79269869984225        4.1684180340827703       -1.2404572827971101        2.9279607512856605        335.54103452284545        5851558.8375467742     
   134.13931190890921        4.4791724830032811       -1.1974572218815314        3.2817152611217502        360.55552885158164        7218256.6767934747     
   134.48592511797617        3.7936343011200764       -1.1819380575336262        2.6116962435864504        305.37243807872517        6561398.3645165367     
   134.83253832704310        4.3080492901469540       -1.3182052177564390        2.9898440723905155        346.78079400196162        5544049.5114970086     
   135.17915153611006        3.7843301051368683       -1.3117313022568644        2.4725988028800039        304.62348739285767        4010854.5412941002     
   135.52576474517699        4.0028065356360454       -1.2845699068967364        2.7182366287393092        322.20996910106368        4849203.0873584570     
   135.87237795424394        4.1485130385936673       -1.3259011351206782        2.8226119034729891        333.93876173638870        4705687.8390219612     
   136.21899116331090        4.0585383797890797       -1.3389025907165095        2.7196357890725706        326.69616038276166        4566132.4895071005     
   136.56560437237783        3.9543830485355738       -1.2860727864759622        2.6683102620596113        318.31207142764293        5256012.8859185334     
   136.91221758144479        4.2465661663536327       -1.3236320308283096        2.9229341355253231        341.83164763645158        5098781.1085721841     
   137.25883079051175        3.9246553882544699       -1.3491632682395207        2.5754921200149492        315.91911328306469        4732553.8003120199     
   137.60544399957871        4.0439948271274870       -1.3023495932263658        2.7416452339011212        325.52546237075620        5699239.5837537115     
   137.95205720864564        4.1050735809382486       -1.2751894143107139        2.8298841666275352        330.44205856467391        6285096.1690534856     
   138.29867041771257        3.9091867452065512       -1.2954534066409142        2.6137333385656372        314.67394918279342        5679481.9371040091     
   138.64528362677953        4.0380557942710862       -1.2267907245522784        2.8112650697188077        325.04739390151730        6430205.1766460687     
   138.99189683584649        3.9895616838930472       -1.2432512806276375        2.7463104032654098        321.14381133578922        5851855.6027874639     
   139.33851004491345        3.9759928778871028       -1.2898655137614368        2.6861273641256656        320.05157654377746        5660502.0082547357     
   139.68512325398041        3.9871726894623696       -1.3010711338065368        2.6861015556558328        320.95150680774407        5424742.2151152585     
   140.03173646304734        3.9581194068113756       -1.2606665316594869        2.6974528751518889        318.61283337401204        5867676.9882273078     
   140.37834967211427        4.1855450033175066       -1.2345672093868414        2.9509777939306652        336.91968727030888        7062963.0550382230     
   140.72496288118123        4.2930922272422904       -1.1960035242131632        3.0970887030291272        345.57681006382995        7392904.9470688812     
   141.07157609024819        3.8993158083859951       -1.1866773731843614        2.7126384352016335        313.87937811880755        7178215.1533089867     
   141.41818929931515        4.2633584716621327       -1.2710119229059069        2.9923465487562262        343.18336127197648        6534774.4585961308     
   141.76480250838208        4.2475710029335563       -1.2924377024827427        2.9551333004508136        341.91253297539726        5970387.8209349420     
   142.11141571744903        3.8884706828996554       -1.2398904195781688        2.6485802633214863        313.00638875078766        5497075.8175895438     
   142.45802892651596        3.8760476672011595       -1.1964003242054666        2.6796473429956933        312.00638551088133        6171992.6732668104     
   142.80464213558292        3.9530828968899825       -1.2161063890271901        2.7369765078627921        318.20741440317198        6250626.0578545211     
   143.15125534464988        4.1344097265887836       -1.2959012974511936        2.8385084291375899        332.80350134224773        5642749.4223684780     
   143.49786855371681        4.4115720899144080       -1.3096812714777442        3.1018908184366638        355.11396669401296        5487569.5078231897     
   143.84448176278377        4.1173846863279877       -1.2711354788848821        2.8462492074431052        331.43305347085101        5392041.9502320699     
   144.19109497185073        4.2776373994334884       -1.2668585007469679        3.0107788986865209        344.33275803523372        5476523.2236675210     
   144.53770818091766        4.2409375564169274       -1.3138097442697545        2.9271278121471731        341.37856697476042        4676903.9189704852     
   144.88432138998462        4.1089120010492417       -1.2992296977134594        2.8096823033357823        330.75103608191074        4705091.6204714598     
   145.23093459905155        4.1199970006790343       -1.2742322945436420        2.8457647061353928        331.64333436223052        5369184.2483020555     
   145.57754780811851        3.8445011300940979       -1.2479745917313181        2.5965265383627800        309.46701503268844        5429831.6833911845     
   145.92416101718547        3.8729520315459545       -1.2565896826851817        2.6163623488607732        311.75719918125691        5719243.0284387469     
   146.27077422625243        3.8158884531608215       -1.2195956200098907        2.5962928331509310        307.16380860277661        6311341.1584974360     
   146.61738743531936        4.2048818818886877       -1.2178391034048452        2.9870427784838425        338.47622890964675        6773963.6775395907     
   146.96400064438629        4.0834144169306921       -1.2325299217108914        2.8508844952198009        328.69858220539970        6384785.2976795193     
   147.31061385345325        3.7386427761574650       -1.2534194779806016        2.4852232981768636        300.94583954060528        5471173.2474962194     
   147.65722706252021        4.2644346961198698       -1.2467937637664837        3.0176409323533866        343.26999305050140        6245582.1624268871     
   148.00384027158717        4.1003477210985366       -1.3071138280921673        2.7932338930063692        330.06164568701587        5255787.2478077095     
   148.35045348065412        3.7651320986335999       -1.2947753746782118        2.4703567239553883        303.07812440137917        4887305.8535098247     
   148.69706668972105        3.9683999369320242       -1.2830849991509023        2.6853149377811216        319.44037506582907        4863365.9045928372     
   149.04367989878799        4.2347021860981098       -1.2492256873960963        2.9854764987020137        340.87664452113353        5868400.4988521403     
   149.39029310785494        4.1348785506535570       -1.2808845272204761        2.8539940234330814        332.84123981051494        5334064.6425048709     
   149.73690631692190        3.6933710210880961       -1.2852201846837801        2.4081508364043160        297.30164373144305        4646623.1506577609     
   150.08351952598886        4.1537723049830637       -1.2532475963745391        2.9005247086085246        334.36211171489390        5327812.3818130586     
   150.43013273505579        4.3487434645131655       -1.2664602753684520        3.0822831891447131        350.05651281285003        5367554.3897960102     
   150.77674594412275        4.1377679918946022       -1.2877289691876075        2.8500390227069943        333.07382831178467        4822171.4455584222     
   151.12335915318971        4.1396955704610496       -1.2323511839922456        2.9073443864688047        333.22899070217392        5541849.8250374282     
   151.46997236225664        4.0664278364558033       -1.2371484907443766        2.8292793457114271        327.33123019345021        5881110.6971398517     
   151.81658557132360        3.8912011935373929       -1.2265244897487253        2.6646767037886678        313.22618397206128        6165079.0484373281     
   152.16319878039053        4.1249283495809435       -1.2344709255638719        2.8904574240170717        332.04028829022201        6582084.4855831321     
   152.50981198945749        4.1425862900833694       -1.3003958818254970        2.8421904082578724        333.46168210804007        5259358.1739617474     
   152.85642519852445        3.8945388115407407       -1.2071186660238384        2.6874201455169024        313.49484891605891        5564407.0222836686     
   153.20303840759141        3.7763013331041186       -1.2144266557444974        2.5618746773596208        303.97720325057884        5390285.4379466930     
   153.54965161665834        3.7970509529778220       -1.2019203576124673        2.5951305953653545        305.64746493293671        5915325.0790347122     
   153.89626482572527        4.5024603964740466       -1.2337872238252301        3.2686731726488163        362.43011304970378        6627396.4344518594     
   154.24287803479223        4.3455243921973494       -1.2231960579343533        3.1223283342629964        349.79739032412147        6350560.7958306782     
   154.58949124385919        4.1885872036689280       -1.2660445058051149        2.9225426978638134        337.16457227099630        5358737.7725606468     
   154.93610445292614        4.2815679185600857       -1.2340731377903067        3.0474947807697790        344.64914915607778        5730507.0955404667     
   155.28271766199310        4.0103761630440244       -1.2348440185585718        2.7755321444854530        322.81929393140899        4912050.1576376120     
   155.62933087106003        4.3570430398029893       -1.1998044063618063        3.1572386334411831        350.72459553777782        6044571.9946790067     
   155.97594408012696        3.9934635864257406       -1.2607576693829867        2.7327059170427539        321.45789893490291        4591518.4318992626     
   156.32255728919392        3.8281063328304552       -1.2587933725552696        2.5693129602751856        308.14729921012565        4064419.4804012761     
   156.66917049826088        3.8694430029187532       -1.2446545994146416        2.6247884035041111        311.47473636536023        4695701.3550541587     
   157.01578370732784        4.1083199718870391       -1.2394308248704331        2.8688891470166058        330.70338009445243        5306394.3202089276     
   157.36239691639477        4.1878840383088729       -1.1920477586413454        2.9958362796675275        337.10797026265055        6055835.9353327220     
   157.70901012546173        4.0951118478966988       -1.2431361620111130        2.8519756858855856        329.64017876685330        5475817.0794096617     
   158.05562333452866        4.4471540619551346       -1.2143673580608090        3.2327867038943254        357.97817359727651        6328788.4791655447     
   158.40223654359562        3.9241385989723687       -1.2569613066192162        2.6671772923531525        315.87751380601401        5128916.7798376922     
   158.74884975266258        3.6092765824333131       -1.2331839870238797        2.3760925954094336        290.53237665862821        4630484.6596643003     
   159.09546296172951        4.2830906486829345       -1.2233157140797219        3.0597749346032126        344.77172286066843        5948966.8050570022     
   159.44207617079647        4.0510646381298230       -1.2643289634819572        2.7867356746478658        326.09455397294408        4731750.8182958225     
   159.78868937986343        4.2987485449973795       -1.2569682987943915        3.0417802462029879        346.03212109444502        5383810.4065746786     
   160.13530258893036        3.9889939586798473       -1.2355384180993507        2.7534555405804966        321.09811171933899        4946655.5396346040     
   160.48191579799732        4.2570804607812800       -1.2813863006679864        2.9756941601132940        342.67800642309066        4656340.8987216363     
   160.82852900706425        4.1844390249559016       -1.2646603122434852        2.9197787127124171        336.83066042113535        4360450.1844573347     
   161.17514221613121        4.0826365310131623       -1.2648396563398909        2.8177968746732711        328.63596549004762        4138084.7388264691     
   161.52175542519817        4.0858129040501074       -1.2914731330990494        2.7943397709510580        328.89165085704599        3884275.0220040218     
   161.86836863426512        4.3479400443082872       -1.2514682972621705        3.0964717470461167        349.99184068915775        5268189.0481997831     
   162.21498184333208        4.7095433573804470       -1.3013353032170527        3.4082080541633939        379.09946587527213        5549945.0248179594     
   162.56159505239899        4.1148560564772492       -1.2868368586622470        2.8280191978150020        331.22950884814168        5091699.7576849153     
   162.90820826146594        3.9513676496371324       -1.2632924726567629        2.6880751769803695        318.06934383707761        4889870.9171391446     
   163.25482147053290        4.2795330574386830       -1.2818117409554353        2.9977213164832479        344.48535094769204        5169935.4459333476     
   163.60143467959986        4.4664614039023283       -1.2295647817342561        3.2368966221680719        359.53233765612993        6163813.2283204598     
   163.94804788866682        4.1798644010046653       -1.2553956876667232        2.9244687133379421        336.46242142960415        5280963.1654948508     
   164.29466109773375        4.1699941635372531       -1.2455448707071179        2.9244492928301353        335.66790666075843        5633264.3902595332     
   164.64127430680071        4.0520621621901931       -1.2595535046785296        2.7925086575116631        326.17485068321668        4909114.3228887701     
   164.98788751586764        3.8414717455876253       -1.2104681503060553        2.6310035952815700        309.22316165642957        5014635.1574678989     
   165.33450072493460        4.0996393215322149       -1.2314851196685279        2.8681542018636867        330.00462234593169        5393487.6236755988     
   165.68111393400156        4.2523073711901915       -1.2479178244270166        3.0043895467631754        342.29379173872621        5414045.7967301160     
   166.02772714306849        4.4558768635975685       -1.2317387668497515        3.2241380967478173        358.68032435641555        5790439.5214001201     
   166.37434035213545        4.1459180100786401       -1.2925435443505786        2.8533744657280606        333.72987228589960        4045381.0961002177     
   166.72095356120241        4.0882524336681554       -1.2953811760113654        2.7928712576567896        329.08802326621799        3735430.7396924212     
   167.06756677026934        4.2146291903329463       -1.2706118694389521        2.9440173208939946        339.26084838217997        4443829.9545585029     
   167.41417997933630        3.8276531434354029       -1.1964589743252296        2.6311941691101732        308.11081927044415        5238916.5796626182     
   167.76079318840323        4.2740676892318810       -1.2402082629870621        3.0338594262448191        344.04541059450185        5353857.4070786219     
   168.10740639747019        4.1377122890483093       -1.3004512071834287        2.8372610818648805        333.06934445471512        4307093.3356123939     
   168.45401960653714        3.9137299746494696       -1.2861312334967077        2.6275987411527617        315.03966104155779        4267497.8722614544     
   168.80063281560410        4.1151452313977099       -1.2560473896368785        2.8590978417608319        331.25278627645531        5123822.5923531698     
   169.14724602467103        4.1224167433938739       -1.3295600682804773        2.7928566751133967        331.83811400457387        4298040.0525326058     
   169.49385923373796        4.2607297395660204       -1.3174078248092853        2.9433219147567349        342.97175881756789        4626910.2475977279     
   169.84047244280492        4.3492440169164031       -1.2872660689382640        3.0619779479781393        350.09680528587990        4910493.4888751460     
   170.18708565187188        4.1416863368562824       -1.2402100217753345        2.9014763150809482        333.38923946088477        5745645.8098822953     
   170.53369886093884        4.2239238978951956       -1.1752805873786438        3.0486433105165522        340.00903528798551        6724984.7584082196     
   170.88031207000580        4.0416912654009574       -1.2143326767702938        2.8273585886306640        325.34003483482127        5574468.1855692202     
   171.22692527907273        4.2634380960887031       -1.1788721089254368        3.0845659871632662        343.18977072089598        6375480.8390211035     
   171.57353848813966        3.7253699606774493       -1.2095899235191798        2.5157800371582697        299.87743080597721        5293865.5655393610     
   171.92015169720662        4.2211563858664514       -1.2485565434762900        2.9725998423901614        339.78626160224030        5047636.3624595851     
   172.26676490627358        4.1323573009357037       -1.2553060827210165        2.8770512182146870        332.63828925908223        4779893.2345171291     
   172.61337811534054        4.0748346974011547       -1.2261295722484635        2.8487051251526911        328.00794898595819        4966494.6194343679     
   172.95999132440747        3.8140132782388396       -1.2134519064630978        2.6005613717757421        307.01286449686199        5007954.4744841848     
   173.30660453347443        3.7473667145763567       -1.1843671141415333        2.5629996004348232        301.64808180571742        5328303.0772168217     
