  0.34661320906694887        4.8468761022437894       -3.9054326476788259       0.94144345456496348        390.15420436563750        495858713.13076568     
  0.69322641813389774        4.4622541774170346       -5.8053557562498233       -1.3431015788327887        359.19367269599286        321659628.42873436     
   1.0398396272008466        3.8906846247320552       -6.4557893500313783       -2.5651047252993231        313.18460224251106        255545339.32378235     
   1.3864528362677955        4.0026598708906542       -6.8971781811055486       -2.8945183102148948        322.19816317373233        214839617.81703404     
   1.7330660453347442        4.4248208522566230       -7.0633659892197915       -2.6385451369631685        356.18043924693490        200578167.68855858     
   2.0796792544016931        3.9237629596067549       -7.2441155361350162       -3.3203525765282613        315.84727633455242        175872830.42354715     
   2.4262924634686422        4.0184077236940556       -7.1399430342130810       -3.1215353105190258        323.46580254626224        183274330.50643945     
   2.7729056725355909        4.0235187452985910       -7.3195515367482464       -3.2960327914496546        323.87721941055759        167108832.09077936     
   3.1195188816025397        4.0213238145120966       -7.1507501960424902       -3.1294263815303927        323.70053623224283        178598314.09687063     
   3.4661320906694884        4.4699160463111554       -7.3506655703777160       -2.8807495240665606        359.81042259825574        161122636.50824261     
   3.8127452997364375        3.9874441953037754       -7.5025246492089650       -3.5150804539051896        320.97336194563081        139944130.17140964     
   4.1593585088033862        3.9769950439427681       -7.5595185324204008       -3.5825234884776327        320.13224691616620        128613406.92264366     
   4.5059717178703353        4.2410083924733319       -7.5741419284492428       -3.3331335359759113        341.38426899491606        130984163.50091834     
   4.8525849269372845        4.3936080134739299       -7.6648153787983082       -3.2712073653243783        353.66793015357950        125272284.27781071     
   5.1991981360042328        4.3099267907772862       -7.6488218958404168       -3.3388951050631301        346.93192531812713        124905481.26433685     
   5.5458113450711819        4.1680429956295573       -7.5307983982202185       -3.3627554025906612        335.51084542243660        130609255.34578095     
   5.8924245541381302        4.1109062957920584       -7.5967963293840697       -3.4858900335920118        330.91156885853644        121342265.68468010     
   6.2390377632050793        3.9273065171978701       -7.4876145243163217       -3.5603080071184512        316.13251859439589        126257774.50049400     
   6.5856509722720284        4.1637553227162929       -7.8198874366465958       -3.6561321139303034        335.16570484554416        97499455.860870287     
   6.9322641813389767        4.4091145228271564       -7.9462617380484284       -3.5371472152212724        354.91614234047563        87713113.345408872     
   7.2788773904059259        4.2786645405656216       -7.8196265269632770       -3.5409619863976554        344.41543880171605        102341473.05724342     
   7.6254905994728750        4.0944623569083616       -7.7699885235793014       -3.6755261666709407        329.58789733146028        108286991.10680649     
   7.9721038085398241        4.4810933212671991       -7.8818418626207025       -3.4007485413535035        360.71014867448713        99884416.746825188     
   8.3187170176067724        3.8016959635553973       -7.8756917190170315       -4.0739957554616346        306.02136976729486        92996798.308277845     
   8.6653302266737207        4.0186292332534421       -7.8156049836582984       -3.7969757504048558        323.48363318275443        97551711.633070156     
   9.0119434357406707        4.3474219218579879       -7.6035393299005793       -3.2561174080425914        349.95013389738176        122330914.84286787     
   9.3585566448076190        4.3871400643748588       -7.5475209856330077       -3.1603809212581493        353.14728603530762        129930715.53586973     
   9.7051698538745690        4.4552410072418649       -7.6258252935157529       -3.1705842862738876        358.62914045459570        119005223.46203940     
   10.051783062941515        4.1172179682560071       -7.9866017449514439       -3.8693837766954369        331.41963333067105        85941268.865016833     
   10.398396272008466        4.2640104054510717       -7.9146696289080154       -3.6506592234569437        343.23583934307982        96316060.981743142     
   10.745009481075414        4.2886793006067547       -8.0348499100448727       -3.7461706094381184        345.22158706161321        83147678.928281248     
   11.091622690142364        3.6404755619920257       -8.0416880454600719       -4.4012124834680471        293.04377013970242        71067055.835070625     
   11.438235899209312        4.2189148405833672       -7.8479799729943576       -3.6290651324109904        339.60582614277678        98027359.637213662     
   11.784849108276260        4.1748546609185269       -7.8485631790589290       -3.6737085181404021        336.05915732378537        96644647.601941273     
   12.131462317343209        4.2529647808618973       -7.9646789107599609       -3.7117141298980636        342.34671059656284        85982284.269095600     
   12.478075526410159        4.3444912016560284       -7.9267470840955543       -3.5822558824395259        349.71422260431513        87109697.727736473     
   12.824688735477107        4.2113394614326181       -8.1297076018911039       -3.9183681404584858        338.99603832006761        67849419.522966206     
   13.171301944544057        4.3868271893718296       -8.1638494155278298       -3.7770222261559998        353.12210084482666        70616500.546706483     
   13.517915153611005        4.5395919542183920       -8.1192510184806252       -3.5796590642622341        365.41905542475132        77398593.254128650     
   13.864528362677953        4.4008942944723639       -7.9432790331404464       -3.5423847386680829        354.25444672750479        91108058.614054993     
   14.211141571744902        4.1206739098439096       -8.1540967636468125       -4.0334228538029029        331.69782285153337        70430511.535369694     
   14.557754780811852        4.2395468227837476       -8.1646947304856567       -3.9251479077019091        341.26661846138984        70251773.666215092     
   14.904367989878800        4.2353372304234602       -7.9049899049837640       -3.6696526745603038        340.92776305774714        94605172.631654471     
   15.250981198945750        3.7039376684410228       -7.7580096687279259       -4.0540720002869026        298.15221671986433        102379512.81093495     
   15.597594408012698        4.2743490492524447       -7.8973270548210008       -3.6229780055685561        344.06805895452754        96559426.199896678     
   15.944207617079648        4.2971989529395866       -7.7548110469106497       -3.4576120939710631        345.90738511117530        111950593.20962219     
   16.290820826146597        4.1185020032982633       -7.9551247958202485       -3.8366227925219847        331.52299303282177        88259907.328047425     
   16.637434035213545        4.3867048415900660       -7.9791141934335661       -3.5924093518435001        353.11225233612896        87944411.614634842     
   16.984047244280493        4.1451297527609388       -7.9078938878675142       -3.7627641351065755        333.66642071417886        89883404.308827415     
   17.330660453347441        4.1576358052525624       -7.8408716040483268       -3.6832357987957645        334.67310808490936        98477282.354828432     
   17.677273662414393        3.9748881253253647       -7.9122989124546184       -3.9374107871292536        319.96264836660652        88932778.035708874     
   18.023886871481341        4.4443066565425866       -7.9958433375278339       -3.5515366809852473        357.74896881262680        85945565.190413803     
   18.370500080548286        4.1454192686146243       -7.9158388532573074       -3.7704195846426827        333.68972558625796        92850144.531878501     
   18.717113289615238        4.2550171344508367       -7.9465359461254668       -3.6915188116746305        342.51191687885233        88112636.862197191     
   19.063726498682186        4.1082159335468846       -7.5448481058697050       -3.4366321723228199        330.69500542281440        121379947.02274774     
   19.410339707749138        3.8513857061270151       -7.8881440050819780       -4.0367582989549629        310.02119595826935        93012566.436536238     
   19.756952916816083        4.0875971128393598       -7.9094738510658438       -3.8218767382264835        329.03527255190858        90704055.719575867     
   20.103566125883031        4.0330995651907271       -7.9465274423664534       -3.9134278771757263        324.64843721834438        81581823.633092970     
   20.450179334949983        4.2042203911698923       -7.8687516296617179       -3.6645312384918252        338.42298154378835        90742371.818681270     
   20.796792544016931        4.4218020320865348       -7.7992707307446247       -3.3774686986580900        355.93743625764074        102887402.36864094     
   21.143405753083879        4.1750655738188680       -7.9886195072863044       -3.8135539334674364        336.07613497146747        83399790.230323568     
   21.490018962150828        4.4550486923422392       -7.8911816576785041       -3.4361329653362653        358.61365987183092        97126413.611681744     
   21.836632171217776        4.3876019325506590       -8.0425517396065160       -3.6549498070558575        353.18446458224179        83166541.208945602     
   22.183245380284728        3.7428056743353548       -7.9949618544793752       -4.2521561801440209        301.28093624870928        84579127.735949099     
   22.529858589351676        4.5045384671065323       -7.9505955791467366       -3.4460571120402044        362.59738945147893        97048233.761898041     
   22.876471798418624        4.0120719397651801       -7.9409646517134993       -3.9288927119483197        322.95579719732029        88610328.819367960     
   23.223085007485572        4.5413631151908858       -7.9917479130788989       -3.4503847978880136        365.56162682237937        91228061.909543097     
   23.569698216552521        4.4568225302531363       -7.8279130707881350       -3.3710905405349982        358.75644675232894        104321492.65914294     
   23.916311425619472        4.0159028276553839       -8.0830116562102958       -4.0671088285549120        323.26416840081043        75499568.381667852     
   24.262924634686417        4.1051332608384881       -8.0815713174916262       -3.9764380566531372        330.44686255873182        75130306.358712152     
   24.609537843753369        3.9918639948690400       -7.9431530251819806       -3.9512890303129402        321.32913819129203        85400713.451738685     
   24.956151052820317        4.1403766289615680       -8.0301457890204713       -3.8897691600589028        333.28381319645496        80022500.332688555     
   25.302764261887265        4.1607488130091870       -8.0664801417450729       -3.9057313287358868        334.92369279944495        78325882.145082131     
   25.649377470954214        4.2943125994368803       -7.9682943123137715       -3.6739817128768908        345.67504516053270        92289019.926743925     
   25.995990680021162        4.4798855985910562       -7.9105567826298078       -3.4306711840387516        360.61293181359264        97616526.354449302     
   26.342603889088114        4.1531233093613462       -8.0079755324841031       -3.8548522231227573        334.30987015453900        82361524.568006024     
   26.689217098155062        4.1220023670517687       -7.9574522207596674       -3.8354498537078991        331.80475836092802        83977436.075546771     
   27.035830307222010        4.3451144073687376       -8.1480846859345952       -3.8029702785658586        349.76438817980528        71010778.118308514     
   27.382443516288959        4.3351181457506902       -7.9832622602238725       -3.6481441144731828        348.95972896922325        83652071.686571643     
   27.729056725355907        4.2009505775548170       -8.1582653952177324       -3.9573148176629163        338.15977458274733        63556408.259698704     
   28.075669934422855        4.2647273960238898       -7.9734566140619414       -3.7087292180380511        343.29355422593937        81579727.131799892     
   28.422283143489803        3.9796814356577892       -7.9823370875586876       -4.0026556519008993        320.34849074003932        80331135.227478608     
   28.768896352556755        3.8452785464752175       -7.9671375341366923       -4.1218589876614748        309.52959395223121        78738641.365351290     
   29.115509561623703        4.3186572650012085       -7.9095746031400660       -3.5909173381388579        347.63469368948950        90269537.992051855     
   29.462122770690652        4.2261781761883377       -7.8685908888083675       -3.6424127126200294        340.19049570399915        93843431.914417744     
   29.808735979757600        4.0005113855001806       -8.0244011317077337       -4.0238897462075531        322.02521866464468        76880391.604431584     
   30.155349188824552        4.1232522271118013       -8.0090611917630632       -3.8858089646512624        331.90536711324683        78066506.789590627     
   30.501962397891500        4.1289684396632964       -8.0646366361632236       -3.9356681964999276        332.36549943620446        73895327.093028039     
   30.848575606958448        3.8647206432606040       -7.9068657495504810       -4.0421451062898770        311.09460523836475        86523409.390638575     
   31.195188816025397        4.3488593361924330       -8.1706689797473420       -3.8218096435549080        350.06584002111356        65898286.875401281     
   31.541802025092341        3.8686573056965834       -8.1409815906872272       -4.2723242849906446        311.41149087112404        65002588.835862637     
   31.888415234159297        4.0955531441520927       -7.9966564833556291       -3.9011033392035359        329.67570135620383        81238245.449765608     
   32.235028443226241        4.2648333970264254       -7.8455041636353355       -3.5806707666089097        343.30208688407498        99805183.329279199     
   32.581641652293193        4.0010198204593630       -7.8926980871960506       -3.8916782667366880        322.06614565200459        94189624.981659606     
   32.928254861360138        4.2066268599490249       -7.9682424267962029       -3.7616155668471785        338.61669268722324        90206852.626125067     
   33.274868070427090        4.1928516916418701       -7.9506413409098426       -3.7577896492679721        337.50784655261862        91693265.300930753     
   33.621481279494041        4.0130895258829771       -7.8736719873544683       -3.8605824614714908        323.03770882323926        95987452.671420500     
   33.968094488560986        4.0405889314579113       -8.0305184609400637       -3.9899295294821520        325.25130134681336        80640409.683575392     
   34.314707697627938        3.8055448201998368       -7.9511210042542793       -4.1455761840544429        306.33118738386929        86140555.664119974     
   34.661320906694883        4.4196114104688276       -7.8989607288276442       -3.4793493183588162        355.76109995023506        100416220.16254030     
   35.007934115761834        4.0130742592904403       -8.0320966471671120       -4.0190223878766718        323.03647992339967        83588929.440515921     
   35.354547324828786        4.5680048083063234       -8.1541361267429799       -3.5861313184366566        367.70617691219809        77255024.947925106     
   35.701160533895731        4.1697075015342717       -8.0226492909621179       -3.8529417894278462        335.64483151228433        83741358.083050013     
   36.047773742962683        4.1212153601462749       -7.8566506888930325       -3.7354353287467572        331.74140744240526        100676658.01154082     
   36.394386952029627        4.0498393750832991       -7.8148833726143723       -3.7650439975310737        325.99592518215781        101675551.58885416     
   36.741000161096572        3.7305160022497317       -7.6940453955823953       -3.9635293933326632        300.29166663807052        107280929.60057928     
   37.087613370163531        4.2768764073720833       -7.9943185722079040       -3.7174421648358211        344.27150120795301        85445068.618094057     
   37.434226579230476        4.2753651487492643       -8.0215225920496920       -3.7461574433004268        344.14985091338417        81368485.575845525     
   37.780839788297428        4.4775868828433012       -8.0620345266552906       -3.5844476438119890        360.42789435963067        73856282.618454754     
   38.127452997364372        4.1207841119392530       -8.1593852289183086       -4.0386011169790557        331.70669368089256        60575497.324090458     
   38.474066206431317        4.0920558883960867       -7.8766165416688549       -3.7845606532727682        329.39418620950630        86552823.011665985     
   38.820679415498276        4.0721544436223693       -8.1987604627393669       -4.1266060191169975        327.79219924148339        58121142.758454941     
   39.167292624565221        3.9459105552072185       -8.2978110781754193       -4.3519005229682000        317.63006948994388        48916897.962838583     
   39.513905833632165        4.2960871262471443       -8.0996377281862433       -3.8035506019390986        345.81788749468342        72508932.205862999     
   39.860519042699117        4.2779865779577957       -8.1745937542832863       -3.8966071763254906        344.36086551445510        69146467.986792833     
   40.207132251766062        4.3119144239813876       -8.0448046578755363       -3.7328902338941474        347.09192186744224        82237183.374886081     
   40.553745460833021        4.2645431468677879       -7.7650516757776185       -3.5005085289098301        343.27872290337450        102190712.89164843     
   40.900358669899965        3.9056953677034496       -7.8325102018011599       -3.9268148340977098        314.39290721202133        91811363.052531689     
   41.246971878966910        4.2420266906929793       -7.9179056320983072       -3.6758789414053274        341.46623794219522        90899836.452871293     
   41.593585088033862        4.2006986383065614       -8.0838808027622946       -3.8831821644557323        338.13949447760785        71355991.543871924     
   41.940198297100807        4.0179292814653724       -8.0315135691323789       -4.0135842876670065        323.42728985414277        73233912.155865014     
   42.286811506167759        4.5589419696531364       -8.1126011214886269       -3.5536591518354914        366.97665452923650        74764892.943270117     
   42.633424715234710        4.2044770247994787       -7.8332929126759101       -3.6288158878764314        338.44363952791099        98347699.149727106     
   42.980037924301655        3.9496578650713436       -7.8694412596100225       -3.9197833945386784        317.93171299551489        88121608.454333693     
   43.326651133368607        4.4751785349360835       -7.8464547930573092       -3.3712762581212257        360.23403195387596        97439060.829586640     
   43.673264342435552        3.7690698887514080       -7.8390081861038166       -4.0699382973524081        303.39510080803024        88930122.202784762     
   44.019877551502503        3.9880699503023971       -7.9473484254916542       -3.9592784751892571        321.02373272847422        83651593.840238646     
   44.366490760569455        4.5846057507901010       -7.9176388676183755       -3.3330331168282745        369.04248660319257        92299808.546216220     
   44.713103969636400        4.4457349777773114       -8.0909243920957437       -3.6451894143184327        357.86394297808039        75317106.295445994     
   45.059717178703352        4.4504636094034877       -8.0447189119149023       -3.5942553025114150        358.24457897349913        80334733.597147912     
   45.406330387770296        3.8239216275471684       -7.7373339139393407       -3.9134122863921728        307.81044711697029        100759621.29224966     
   45.752943596837248        4.0196701034711015       -7.7067572869129739       -3.6870871834418728        323.56741908589123        108248285.31817426     
   46.099556805904200        4.8025963443056741       -7.7289841752549080       -2.9263878309492335        386.58986037098680        117708912.39994861     
   46.446170014971145        4.5476722479348881       -7.6093501376827222       -3.0616778897478341        366.06948685718277        119583154.91038312     
   46.792783224038089        4.5214250281680082       -7.7801208239348565       -3.2586957957668488        363.95669029937181        102326901.91027699     
   47.139396433105041        4.7461608840794085       -7.7341057859722566       -2.9879449018928477        382.04703080032920        109242295.16301519     
   47.486009642171993        4.2174561112207751       -7.9499962712004377       -3.7325401599796630        339.48840424425055        84164855.046887502     
   47.832622851238945        4.4088968469926613       -7.6790651566209016       -3.2701683096282403        354.89862030355425        114715753.24838027     
   48.179236060305890        4.1098079686933255       -7.7428869550830539       -3.6330789863897284        330.82315790552263        106128912.27581583     
   48.525849269372834        3.8608849615041141       -8.0105116506410532       -4.1496266891369391        310.78584814774916        75954844.183591515     
   48.872462478439786        3.9128428334676579       -8.0892532906156660       -4.1764104571480072        314.96824971297252        73326401.681532189     
   49.219075687506738        4.3349606236649274       -7.9642668968162065       -3.6293062731512791        348.94704906927450        92123205.518939197     
   49.565688896573683        4.4051299444201275       -7.8749158977653551       -3.4697859533452271        354.59539966306181        104286893.98039533     
   49.912302105640634        4.1164647206825267       -7.8865832601501324       -3.7701185394676053        331.35899990379528        97381050.388636380     
   50.258915314707579        4.1520017135496126       -7.9455737059904150       -3.7935719924408025        334.21958616288833        89132443.737759262     
   50.605528523774531        3.9438219352359760       -7.9294470540177038       -3.9856251187817278        317.46194390845335        90623921.451084688     
   50.952141732841483        3.9775142337054636       -7.9792246906156548       -4.0017104569101907        320.17403962233539        86621880.027949721     
   51.298754941908427        3.8807461092262914       -8.0545034821438648       -4.1737573729175734        312.38459136376554        75852651.582289532     
   51.645368150975379        3.6947973342072196       -8.1636673959656800       -4.4688700617584596        297.41645625159600        65786057.010491997     
   51.991981360042324        3.8558586841519835       -7.8909978559967184       -4.0351391718447349        310.38125285794308        89833927.375069782     
   52.338594569109276        4.0791121084416453       -8.0918611949292565       -4.0127490864876103        328.35226352300089        75025672.237330183     
   52.685207778176228        4.5475429709255346       -8.0786819780494952       -3.5311390071239601        366.05908057328713        83435283.619997784     
   53.031820987243172        4.3719874461385606       -7.7289281613186622       -3.3569407151801016        351.92756067255243        107678389.27273776     
   53.378434196310124        4.0523926017561127       -7.8898194182454242       -3.8374268164893119        326.20144975098998        87563520.837033838     
   53.725047405377069        4.2592536827398710       -7.6842482417841893       -3.4249945590443183        342.85294212730048        105582203.88021800     
   54.071660614444021        4.3191284547761679       -7.8503093518838147       -3.5311808971076468        347.67262258799576        92639955.056867898     
   54.418273823510972        4.3153616885376662       -8.0369543089982276       -3.7215926204605609        347.36941292184946        76821340.978150979     
   54.764887032577917        4.4140884482340841       -7.8694334311210490       -3.4553449828869645        355.31652350739171        91629643.509757042     
   55.111500241644869        4.3242912900430683       -8.0163235862904081       -3.6920322962473398        348.08821024555851        78782817.949146837     
   55.458113450711814        4.2020358871158257       -7.9912571703531565       -3.7892212832373309        338.24713767586820        77218050.414913535     
   55.804726659778765        4.1522389997966336       -7.6862402400913199       -3.5340012402946854        334.23868675984204        100457555.88579535     
   56.151339868845710        4.2200088405718121       -7.8139500012684628       -3.5939411606966511        339.69388878066223        90418489.530284196     
   56.497953077912662        4.1117605057815521       -8.0222107286245095       -3.9104502228429574        330.98032935741895        71192598.664705426     
   56.844566286979607        3.9779400191402177       -8.0556964330260161       -4.0777564138857976        320.20831365245760        67044352.680901110     
   57.191179496046558        4.0878430994220141       -8.1067567219688961       -4.0189136225468811        329.05507349119716        63874057.155458160     
   57.537792705113510        4.0415716805949859       -7.8425539347414217       -3.8009822541464358        325.33040873466030        90369904.838999227     
   57.884405914180455        4.2636629098419450       -8.0509225844516941       -3.7872596746097482        343.20786733182155        77024707.897698849     
   58.231019123247407        3.9114537481964975       -7.9493062678954587       -4.0378525196989612        314.85643388617325        80334634.202400357     
   58.577632332314352        4.1330993188303387       -7.9044070387013452       -3.7713077198710065        332.69801874157764        86336085.937530369     
   58.924245541381303        4.1409338599450081       -7.7754380594974783       -3.6345041995524698        333.32866806924437        97802598.326134726     
   59.270858750448255        4.3337354450400936       -7.6851152738065647       -3.3513798287664711        348.84842707409769        110402161.20533182     
   59.617471959515200        4.2687457857905144       -7.7568640842580532       -3.4881182984675392        343.61701858301308        107058112.29627955     
   59.964085168582152        4.1677134533971323       -7.8098992322283278       -3.6421857788311951        335.48431858643249        101580242.30773528     
   60.310698377649103        4.3232198565072659       -7.7730752607360145       -3.4498554042287490        348.00196411715052        107140954.51855713     
   60.657311586716048        3.9148936597064861       -7.8328670273561238       -3.9179733676496373        315.13333304966676        93280342.665094271     
   61.003924795783000        3.9610987824635493       -7.8849361144170889       -3.9238373319535400        318.85266123685795        91353164.730386689     
   61.350538004849945        3.9035773663591864       -8.1141336212331634       -4.2105562548739774        314.22241654713019        68916068.503364518     
   61.697151213916896        4.0253979171881689       -7.8447956008321240       -3.8193976836439552        324.02848525642986        97672475.662818372     
   62.043764422983848        4.4353189772571797       -7.9639927292078605       -3.5286737519506808        357.02549645915190        87633056.377377898     
   62.390377632050793        3.7759451098402970       -8.0197117148204988       -4.2437666049802028        303.94852869791004        72038539.408319518     
   62.736990841117745        4.1008006957285019       -8.0429590612392410       -3.9421583655107382        330.09810833896410        73537228.984693065     
   63.083604050184682        4.0895871986793892       -7.7984679359870537       -3.7088807373076644        329.19546652863852        95508237.763189077     
   63.430217259251641        4.2553356741886796       -8.0267495803116997       -3.7714139061230201        342.53755805790365        78091041.328550726     
   63.776830468318593        3.7143581190406350       -7.9340346809595745       -4.2196765619189396        298.99102145245098        81276111.585155278     
   64.123443677385538        3.9208161511317439       -7.8808675225736335       -3.9600513714418897        315.61006999964042        87435902.285024211     
   64.470056886452483        4.3705399916903245       -7.9909014299093819       -3.6203614382190579        351.81104635968478        81938930.270151913     
   64.816670095519427        4.1018899445726946       -8.1275241888329095       -4.0256342442602140        330.18578852867751        64669630.350484125     
   65.163283304586386        3.9610211865075597       -8.1214709991684284       -4.1604498126608682        318.84641507173376        63063152.906407967     
   65.509896513653331        4.0907318877338108       -7.9917769646889534       -3.9010450769551435        329.28760943426528        79778912.133137092     
   65.856509722720276        4.5438772655031583       -7.8031041330235489       -3.2592268675203906        365.76400589996433        104340908.08245698     
   66.203122931787235        4.7136993827599341       -7.9347760342918949       -3.2210766515319613        379.43400935050278        98731606.994927764     
   66.549736140854179        3.8334858349192329       -7.8081881478959829       -3.9747023129767500        308.58032768311648        99095976.375591725     
   66.896349349921124        4.2294518718435619       -7.8538593953048697       -3.6244075234613069        340.45401515379649        100298200.33158593     
   67.242962558988083        4.3900082207600635       -7.7786384980604302       -3.3886302773003671        353.37816119053343        105728704.50994705     
   67.589575768055028        3.8941643198867011       -7.8298670031425344       -3.9357026832558333        313.46470383080367        97004531.286978707     
   67.936188977121972        4.1573345543125759       -7.8355316079816895       -3.6781970536691135        334.64885858516448        103777609.52992195     
   68.282802186188917        4.0638488725941837       -7.7683965085994391       -3.7045476360052554        327.12363388351935        106577456.57925913     
   68.629415395255876        4.3701033377040455       -7.8020528097409905       -3.4319494720369450        351.77589745449188        105688539.75088304     
   68.976028604322821        4.1495739972197194       -7.8137123503409782       -3.6641383531212588        334.02416467631963        106431144.81754676     
   69.322641813389765        4.2093031904871197       -7.9717896170835472       -3.7624864265964280        338.83212662646230        93183618.003082484     
   69.669255022456724        4.1834645504010632       -8.0872612051966808       -3.9037966547956180        336.75221910417207        77834237.817250133     
   70.015868231523669        3.9410885988883795       -8.0148837649298947       -4.0737951660415161        317.24192122880066        86326222.607931837     
   70.362481440590614        4.3171227150604876       -8.0925880011851632       -3.7754652861246760        347.51116853667941        85630220.235344708     
   70.709094649657573        4.0868336032247052       -7.9023590470700213       -3.8155254438453161        328.97381307162738        95807906.824638799     
   71.055707858724517        4.0066685684633558       -7.8568399686909416       -3.8501714002275857        322.52084734783284        99550154.815666050     
   71.402321067791462        3.8583877877179620       -8.0238045585438478       -4.1654167708258862        310.58483561284072        82960982.591380060     
   71.748934276858407        4.0466076900088899       -8.1433517178028190       -4.0967440277939282        325.73578741664267        71365190.499318928     
   72.095547485925366        4.3504148654385970       -8.0867160291509297       -3.7363011637123322        350.19105392437876        77717510.941071600     
   72.442160694992310        4.2570998340412460       -8.0396000276940676       -3.7825001936528224        342.67956589328719        80817038.811116889     
   72.788773904059255        4.1918041414416862       -8.0355650439732571       -3.8437609025315709        337.42352293751799        77767088.505294323     
   73.135387113126214        4.7413839158838602       -8.1300449938547725       -3.3886610779709128        381.66250390376757        76741209.414666444     
   73.482000322193144        4.5266521612014570       -8.1236082015183477       -3.5969560403168912        364.37745367082141        73315090.006223246     
   73.828613531260103        4.1401572593766858       -8.0911967376214111       -3.9510394782447245        333.26615481937944        68122307.883981049     
   74.175226740327062        4.1486377392003062       -8.2199537488057075       -4.0713160096054013        333.94879963810951        58867106.325245231     
   74.521839949393993        4.1089974841232673       -7.9810518675945890       -3.8720543834713221        330.75791712859507        78546080.770704448     
   74.868453158460952        4.1390322891840352       -8.0688825163286495       -3.9298502271446147        333.17559920351681        71512665.928847983     
   75.215066367527896        4.1054377196123397       -7.8481933735248983       -3.7427556539125577        330.47137027631499        88353328.175984457     
   75.561679576594855        4.3586281296927956       -7.9419223168707278       -3.5832941871779331        350.85218895501384        82975480.809159338     
   75.908292785661800        4.1955809792056362       -8.1231708285688775       -3.9275898493632417        337.72754332131319        65000909.402831800     
   76.254905994728745        4.3399447858711362       -8.0925742209505991       -3.7526294350794629        349.34825425772408        69464357.579194769     
   76.601519203795704        3.7902429229264092       -8.1540292135343613       -4.3637862906079530        305.09944565371961        56980057.243915543     
   76.948132412862634        3.8187457465744377       -8.2265275648792304       -4.4077818183047928        307.39380933209435        49220297.243978575     
   77.294745621929593        3.9757463697186495       -8.2745296315542216       -4.2987832618355721        320.03173361891123        45407938.510660864     
   77.641358830996552        4.3827849072180411       -8.2852423298791003       -3.9024574226610587        352.79671324583222        52363803.754415244     
   77.987972040063482        4.3285216923020702       -8.1034993032142708       -3.7749776109122011        348.42874076308988        71385867.327916026     
   78.334585249130441        4.0345405799590868       -8.0516591108591147       -4.0171185309000288        324.76443316265335        70328670.769198805     
   78.681198458197386        4.2718289438526194       -8.3481235225226857       -4.0762945786700673        343.86520051613434        48008631.789400585     
   79.027811667264331        3.8806754776272343       -8.2212595572149834       -4.3405840795877495        312.37890580161132        53470325.074870229     
   79.374424876331290        3.7362578809118379       -8.2070541632603167       -4.4707962823484797        300.75386498061556        51708814.396750741     
   79.721038085398234        4.0965824379680305       -8.0652597293834951       -3.9686772914154651        329.75855540515090        67763270.012686819     
   80.067651294465179        4.1434251817547620       -8.1204345187552285       -3.9770093370004669        333.52920954338128        70179722.948993176     
   80.414264503532124        4.2149922435667220       -7.9921898412469421       -3.7771975976802197        339.29007272020266        81610786.037045136     
   80.760877712599083        4.1603534775480950       -7.8742636062866262       -3.7139101287385312        334.89186987081496        92887374.051931635     
   81.107490921666042        4.1514528903437409       -7.9582194678503431       -3.8067665775066022        334.17540808267597        85244799.948770031     
   81.454104130732972        4.2018758525992990       -7.8742677366344527       -3.6723918840351528        338.23425553525863        93610514.902032614     
   81.800717339799931        4.0110822797865895       -7.7425032094846333       -3.7314209296980443        322.87613351428104        101136682.04879653     
   82.147330548866876        4.2078138354840506       -7.8151809675354826       -3.6073671320514320        338.71223948596543        92891320.718104407     
   82.493943757933820        4.4580751049368414       -8.0119007104819211       -3.5538256055450788        358.85727402103163        78998488.215741962     
   82.840556967000779        3.9429522124722505       -7.7540879814783912       -3.8111357690061407        317.39193469308617        93810625.315459698     
   83.187170176067724        4.4267264490216300       -7.9021041022840448       -3.4753776532624148        356.33383218993771        89090085.172335938     
   83.533783385134669        4.3822212405759098       -7.8894159043363432       -3.5071946637604330        352.75134032817368        91731365.187287390     
   83.880396594201613        4.2000605257868617       -7.9390424573508955       -3.7389819315640334        338.08812896358040        84428435.779397577     
   84.227009803268572        4.4146043076695500       -8.1683013039529921       -3.7536969962834430        355.35804813549504        62413587.736430787     
   84.573623012335517        4.5722964096504422       -7.9978722388028887       -3.4255758291524461        368.05163371211387        82707297.598960072     
   84.920236221402462        4.2686942945708362       -8.0626982306069621       -3.7940039360361260        343.61287374509652        73277344.107588515     
   85.266849430469421        4.2842498281977619       -8.1081362847323426       -3.8238864565345803        344.86503219059227        68734935.488697782     
   85.613462639536365        4.0538764072741804       -7.9282397181910778       -3.8743633109168982        326.32089018006701        81192218.642428562     
   85.960075848603310        4.0632138316137949       -8.1404606969924362       -4.0772468653786405        327.07251561616187        61575820.008693345     
   86.306689057670269        3.9332404186943299       -7.9808184864962364       -4.0475780678019060        316.61017400961549        75319045.438241735     
   86.653302266737214        3.8717367149007624       -8.0242713614911061       -4.1525346465903441        311.65937103612697        72198375.753752664     
   86.999915475804158        3.8059808808428182       -7.9553283651331519       -4.1493474842903337        306.36628852729211        79840151.178657860     
   87.346528684871103        4.1288951380340810       -8.0994942338465865       -3.9705990958125055        332.35959894726642        72576359.238550916     
   87.693141893938062        4.5797450352452458       -7.9718889177157788       -3.3921438824705339        368.65121837886704        87005941.143260241     
   88.039755103005007        4.3872256244709851       -7.9105681409691178       -3.5233425164981318        353.15417328196423        85638482.937264711     
   88.386368312071951        4.2145727739652790       -7.9094594615630696       -3.6948866875977906        339.25630708948415        82206361.198895589     
   88.732981521138910        4.3781193540985601       -7.9969065520490021       -3.6187871979504425        352.42115481874259        80179171.415918380     
   89.079594730205855        3.8240375720488249       -7.9715067650412834       -4.1474691929924585        307.81978018714585        75522931.315351486     
   89.426207939272800        4.1952025527198922       -7.9100234552970523       -3.7148209025771601        337.69708149779188        83678647.080671042     
   89.772821148339759        4.4975283704891948       -7.8607403740301507       -3.3632120035409558        362.03310461923462        92381641.545509622     
   90.119434357406703        3.8470032649092532       -7.8537191663375330       -4.0067159014282803        309.66842691065460        86766058.192546055     
   90.466047566473648        4.3131028876109143       -7.8053629871404233       -3.4922600995295090        347.18758845185954        97107378.232573897     
   90.812660775540593        4.0747776044437121       -7.6843455393075235       -3.6095679348638114        328.00335323048267        103720926.42668001     
   91.159273984607552        4.1431931331239396       -7.8730647580780548       -3.7298716249541157        333.51053055365202        88640714.710600957     
   91.505887193674496        4.3497823489568521       -7.7964398823266263       -3.4466575333697751        350.14013886909828        97650360.193031102     
   91.852500402741441        4.3413166717556670       -7.9804634022101970       -3.6391467304545300        349.45868560246424        85521400.715172008     
   92.199113611808400        4.5151760219335042       -7.8413950849728584       -3.3262190630393542        363.45367020889131        98768593.774458095     
   92.545726820875331        4.2070977263850597       -7.9900102570737399       -3.7829125306886797        338.65459555823509        85354082.896013618     
   92.892340029942289        4.2191492923104876       -7.7471255172752107       -3.5279762249647235        339.62469857217815        103853704.45998433     
   93.238953239009248        4.0083400882936138       -7.7240803279816870       -3.7157402396880728        322.65539803072608        103306719.91224487     
   93.585566448076179        4.5955015729158895       -7.8315591325323695       -3.2360575596164796        369.91955684858812        99122934.058999360     
   93.932179657143138        3.9335750957085840       -7.9037563160423048       -3.9701812203337203        316.63711417508733        84385284.135135949     
   94.278792866210082        3.7064547000752182       -8.0013588152745694       -4.2949041151993512        298.35482773237777        72682975.834131107     
   94.625406075277041        4.2950471563514396       -7.9874661479758187       -3.6924189916243790        345.73417406387489        84229900.193449080     
   94.972019284343986        4.0920330536659426       -7.7754636707018898       -3.6834306170359472        329.39234810475944        98978857.724290147     
   95.318632493410931        4.2565047742782642       -7.9746633950313539       -3.7181586207530897        342.63166595454754        83666545.688847750     
   95.665245702477890        4.2910771123017071       -8.2709074343933384       -3.9798303220916322        345.41460134428280        50623561.261732772     
   96.011858911544820        3.8454692744539880       -8.0668809437246374       -4.2214116692706494        309.54494679419332        64420264.987941504     
   96.358472120611779        4.0901572061128011       -8.2382303236084695       -4.1480731174956693        329.24134985471784        54402578.887201488     
   96.705085329678738        4.0091848695077426       -7.9263452428592993       -3.9171603733515563        322.72339955077911        79982630.932014808     
   97.051698538745669        4.0810115991673594       -7.8747603824357579       -3.7937487832683985        328.50516495418208        89122633.331180722     
   97.398311747812627        4.1710272264362960       -7.9296462320181922       -3.7586190055818958        335.75106410587017        84454039.821535945     
   97.744924956879572        3.8742765229766070       -7.8488447177495280       -3.9745681947729214        311.86381546139580        87722258.937433228     
   98.091538165946517        3.9593589191785701       -7.8728123693679946       -3.9134534501894240        318.71260917830790        84801663.689503163     
   98.438151375013476        3.8132119016660759       -7.7658944804327517       -3.9526825787666757        306.94835687740812        93345797.332186177     
   98.784764584080420        3.7662813125425085       -7.6974156698223046       -3.9311343572797961        303.17063153975408        100616077.77220421     
   99.131377793147365        4.3378900665836921       -7.9807822130943107       -3.6428921465106181        349.18285754613572        83600000.013034374     
   99.477991002214310        4.0076680544646814       -7.8310525372570767       -3.8233844827923953        322.60130198653121        92519236.190009028     
   99.824604211281269        4.1726438042372331       -7.8377407902834166       -3.6650969860461835        335.88119217442710        95417318.689105168     
   100.17121742034823        3.9736648432746686       -7.9119758021672508       -3.9383109588925818        319.86417903808723        85142920.322225645     
   100.51783062941516        4.0496553305774814       -7.9802212455812649       -3.9305659150037844        325.98111033312506        82173341.752287433     
   100.86444383848212        3.9022106395438425       -7.8873834077769285       -3.9851727682330864        314.11240048689325        88481558.214770719     
   101.21105704754906        4.0673445732902804       -8.0195970088645012       -3.9522524355742208        327.40502385409326        79115168.889555067     
   101.55767025661601        4.3020607856856659       -7.8555682849657185       -3.5535074992800526        346.29874326574571        94873924.546716169     
   101.90428346568297        4.1613639210969344       -7.7585620146621483       -3.5971980935652139        334.97320654840644        105080194.72850734     
   102.25089667474991        3.8462636902647356       -7.7415225289241789       -3.8952588386594433        309.60889410005376        104952477.40028273     
   102.59750988381685        3.8822611628757215       -7.7739148710689374       -3.8916537081932159        312.50654714284792        102988464.38725199     
   102.94412309288380        4.1366433493360963       -7.6478559834420352       -3.5112126341059389        332.98329906916456        117443240.15301242     
   103.29073630195076        4.0712374525415136       -7.9582685737514769       -3.8870311212099637        327.71838511502040        92444083.549853995     
   103.63734951101770        4.4599164151163686       -7.9450239316979347       -3.4851075165815661        359.00549215017901        94704027.174226061     
   103.98396272008465        4.1868614944260383       -8.0875500550205857       -3.9006885605945474        337.02565955641006        75963562.164451003     
   104.33057592915161        3.9746679858136358       -8.0006053264509571       -4.0259373406373209        319.94492801348912        79509339.355161294     
   104.67718913821855        4.1184217276880206       -8.0549727731913627       -3.9365510455033421        331.51653116621253        77499160.669108108     
   105.02380234728550        3.7975122615699797       -7.8928810622628438       -4.0953688006928646        305.68459843561840        89478370.649538234     
   105.37041555635246        4.5524616333562991       -8.0108760628387277       -3.4584144294824277        366.45501329092559        88243317.304977506     
   105.71702876541940        4.1268202026870995       -8.0448514101517770       -3.9180312074646770        332.19257492347572        76944335.616403326     
   106.06364197448634        4.2966470332345406       -7.9230229768616125       -3.6263759436270715        345.86295777512356        87464739.258578017     
   106.41025518355329        4.2827783117392464       -7.7901526379076023       -3.5073743261683559        344.74658098181942        98910971.244330227     
   106.75686839262025        4.1989025186250934       -7.8936735048746689       -3.6947709862495763        337.99491400340418        88950446.795746014     
   107.10348160168719        4.0493187094678698       -7.9653580718755848       -3.9160393624077146        325.95401367572703        81048618.388062298     
   107.45009481075414        4.1066047448561838       -7.7955029056784575       -3.6888981608222733        330.56531115614803        94770194.509744242     
   107.79670801982110        3.9878579805832963       -7.9880391344794504       -4.0001811538961540        321.00667001109485        76617695.265120521     
   108.14332122888804        4.1725024177349725       -8.0433294007330574       -3.8708269829980844        335.86981112462644        73286106.125689313     
   108.48993443795499        4.1719183966396267       -7.9509014218271377       -3.7789830251875114        335.82279975462626        86794136.234730810     
   108.83654764702194        4.1244000218618906       -7.8751563700978258       -3.7507563482359356        331.99776001499413        95454544.919432655     
   109.18316085608889        4.4035648948737451       -7.9574429227194097       -3.5538780278456641        354.46941941358131        92922450.119871631     
   109.52977406515583        3.7764375910093935       -7.7827460019432184       -4.0063084109338245        303.98817146876712        103275700.57597619     
   109.87638727422278        4.2694967113716826       -7.7042322198512485       -3.4347355084795654        343.67746509876429        113289508.33185217     
   110.22300048328974        4.1026656664159091       -7.7544768463331524       -3.6518111799172428        330.24823104467424        106881330.90390174     
   110.56961369235668        4.2458950292656743       -7.8337986219825595       -3.5879035927168847        341.77762377633036        104002984.93209089     
   110.91622690142363        4.3550069251285883       -7.7416611669240289       -3.3866542417954406        350.56069642337280        115747943.58919854     
   111.26284011049059        4.0842978218475325       -7.8620408672224604       -3.7777430453749279        328.76969277954936        102449741.65153955     
   111.60945331955753        3.8426545380981803       -7.7532987280930374       -3.9106441899948572        309.31837173837727        109083549.66737251     
   111.95606652862446        4.4938869580292327       -7.7804778208485645       -3.2865908628193314        361.73998543254322        109072011.05423458     
   112.30267973769142        4.3238605209985952       -7.8712093234449272       -3.5473488024463316        348.05353505472090        101554443.30451642     
   112.64929294675837        4.3672058432139140       -7.8999276406787020       -3.5327217974647884        351.54266069877457        98399116.339309677     
   112.99590615582532        4.2428323751468850       -8.0180452729384548       -3.7752128977915698        341.53109232890785        83458134.554117888     
   113.34251936489228        3.9493840251127947       -8.2313221305886337       -4.2819381054758390        317.90966997050305        59161384.308463648     
   113.68913257395921        3.9221901229070091       -8.0846806805548770       -4.1624905576478666        315.72066925026934        68758308.382359147     
   114.03574578302616        3.8742148009536006       -7.9077501305173650       -4.0335353295637644        311.85884708459599        86349391.392881021     
   114.38235899209312        4.0237353392341477       -7.9465657684044926       -3.9228304291703453        323.89465435892731        86940284.433238134     
   114.72897220116008        4.0533826686070578       -8.0435812149270376       -3.9901985463199798        326.28114618563177        76942582.544027418     
   115.07558541022702        4.0806388611124884       -8.1890891621029152       -4.1084503009904267        328.47516102666935        60546472.943660446     
   115.42219861929395        4.4701200774071639       -7.9173034186341411       -3.4471833412269772        359.82684628812319        89741493.506718233     
   115.76881182836091        4.0252004335168481       -8.0217036192783713       -3.9965031857615241        324.01258860814886        76297651.991994813     
   116.11542503742785        3.7985993445832404       -8.0149357903111884       -4.2163364457279471        305.77210428457579        75378583.911198229     
   116.46203824649481        4.2269774504556388       -8.0449834167073870       -3.8180059662517483        340.25483409624405        74576721.244297504     
   116.80865145556177        3.9788338416277189       -7.9019336225396444       -3.9230997809119255        320.28026279951615        86063035.904814318     
   117.15526466462870        4.0093660142157859       -7.9476005845590114       -3.9382345703432251        322.73798097765098        82135742.769322887     
   117.50187787369565        4.5192477628909238       -7.9380126427734146       -3.4187648798824912        363.78142912414171        88433436.944169417     
   117.84849108276261        3.7999807910151202       -7.9441281084514088       -4.1441473174362882        305.88330521526478        80472225.010580599     
   118.19510429182955        4.2505238072709721       -8.1199238139772483       -3.8694000067062762        342.15022195333057        67694286.870489359     
   118.54171750089651        4.5756023196353848       -7.9062927501869238       -3.3306904305515390        368.31774628703243        92285508.168708682     
   118.88833070996347        4.2317430033920864       -8.0443101291035859       -3.8125671257114986        340.63844210995444        79407647.678939402     
   119.23494391903040        4.0063437868450293       -8.0116620991450045       -4.0053183122999751        322.49470372228569        79620464.460846797     
   119.58155712809734        4.0040383221952549       -7.9308245927112013       -3.9267862705159464        322.30912300861536        87988918.827007562     
   119.92817033716430        4.0707589364404804       -8.0091407219502440       -3.9383817855097636        327.67986647647120        81208310.476945728     
   120.27478354623126        3.9133014736511988       -8.0938143547397150       -4.1805128810885170        315.00516841939799        71334876.005231276     
   120.62139675529821        4.3396254962752554       -7.9762915877205049       -3.6366660914452500        349.32255271809004        86559717.074036181     
   120.96800996436514        4.0984982752015258       -7.7434690218757245       -3.6449707466741987        329.91277266504380        107430901.46213505     
   121.31462317343210        4.2787352658517275       -7.6624429730131318       -3.3837077071614043        344.42113190530426        113701152.28740732     
   121.66123638249904        4.8743545928842318       -8.0019037705837945       -3.1275491776995623        392.36611332036142        94080212.880827054     
   122.00784959156600        4.3842707494254389       -7.9565737578256259       -3.5723030084001870        352.91631762028106        85807215.058989406     
   122.35446280063296        4.1072294935857423       -7.7789872941879663       -3.6717578006022245        330.61560093834328        96576072.566953018     
   122.70107600969989        4.1531725158655961       -8.0033276013490173       -3.8501550854834208        334.31383108197144        78857267.091169849     
   123.04768921876683        4.0692258102032550       -7.9468229767693597       -3.8775971665661042        327.55645592611700        81968364.662110344     
   123.39430242783379        4.1397033309325932       -7.9093423402808947       -3.7696390093483014        333.22961538919634        85056982.883019954     
   123.74091563690074        4.5440353925669958       -7.9916236548243305       -3.4475882622573351        365.77673449823641        85714847.731329530     
   124.08752884596770        3.9741572949088475       -7.8419164378229382       -3.8677591429140907        319.90381943150118        88700998.594244733     
   124.43414205503463        3.8676591367906821       -7.7907938008483084       -3.9231346640576263        311.33114225335680        93581115.350942716     
   124.78075526410159        4.2220461561923166       -7.7278283586758585       -3.5057822024835419        339.85788456644099        101641502.03921185     
   125.12736847316853        4.1045920821467297       -7.9308324979987521       -3.8262404158520225        330.40329983143107        84948289.526103660     
   125.47398168223549        4.0970515718408773       -7.7946186428651574       -3.6975670710242796        329.79631881173287        100053100.45448048     
   125.82059489130245        4.1613207508786747       -7.8544758037496862       -3.6931550528710115        334.96973151793276        91676969.170374647     
   126.16720810036936        4.3505690228085516       -7.8969109002342321       -3.5463418774256801        350.20346297811835        92565031.301615208     
   126.51382130943632        3.7808280701391732       -7.8479078860193168       -4.0670798158801436        304.34158753625650        90936889.878541097     
   126.86043451850328        3.8774874132336135       -7.6902884496656609       -3.8128010364320475        312.12227932700767        108583984.51221521     
   127.20704772757023        4.2435658489354280       -7.9532878428407150       -3.7097219939052870        341.59013404492356        89227607.304385230     
   127.55366093663719        4.2542031985537418       -8.0215603508964222       -3.7673571523426799        342.44639828385704        82835501.046938464     
   127.90027414570412        4.1325623478840896       -7.8847651974353763       -3.7522028495512867        332.65479472101640        91366593.301238790     
   128.24688735477108        4.3057237297110520       -8.0463453340336262       -3.7406216043225733        346.59359565761906        81338291.999816641     
   128.59350056383803        3.9024173446628700       -7.8960451982780295       -3.9936278536151595        314.12903942495382        92599549.129876450     
   128.94011377290497        4.2600042221405952       -7.7650924289883774       -3.5050882068477822        342.91335755706541        105124615.85709576     
   129.28672698197192        4.1626809153256010       -7.6963659386317698       -3.5336850233061696        335.07921933367271        108789533.82970122     
   129.63334019103885        4.1020107448461403       -7.8766081045447951       -3.7745973596986548        330.19551246912471        92617632.343270764     
   129.97995340010581        4.3229581066542551       -7.8377884744723261       -3.5148303678180706        347.98089429743783        100905292.34363279     
   130.32656660917277        4.0801056900547019       -7.8365833805990821       -3.7564776905443802        328.43224288198115        97021749.156149626     
   130.67317981823973        4.2388254545821402       -7.9251932422515727       -3.6863677876694316        341.20855119686399        90597265.809623435     
   131.01979302730666        3.8221562848403230       -7.8571574563231854       -4.0350011714828620        307.66834406653271        89896270.722168773     
   131.36640623637359        4.0748002398455174       -8.0976673631629730       -4.0228671233174556        328.00517529009295        69879094.528929949     
   131.71301944544055        4.1614984148118408       -7.9155715151451149       -3.7540731003332737        334.98403275630289        81864576.629064009     
   132.05963265450751        4.5540890160183274       -8.0011132849476532       -3.4470242689293262        366.58601110772724        78838798.494398624     
   132.40624586357447        3.7237958916579430       -7.9968088042209233       -4.2730129125629803        299.75072452486603        69616227.111152470     
   132.75285907264143        3.8248380595919484       -7.9420407346334629       -4.1172026750415149        307.88421624325781        75488781.241997987     
   133.09947228170836        4.0774805290479863       -8.0100773317730152       -3.9325968027250293        328.22092788603300        76206094.351770818     
   133.44608549077529        4.1383030441969897       -7.9864931706438691       -3.8481901264468785        333.11689788916368        76163971.825992316     
   133.79269869984225        4.0699888583920387       -7.9388817081835459       -3.8688928497915067        327.61787826345500        79775140.492054507     
   134.13931190890921        4.0710197022357404       -8.0591194364466148       -3.9880997342108735        327.70085708345795        72337924.663643017     
   134.48592511797617        4.2868007470996883       -7.8716851869730009       -3.5848844398733122        345.07037099306791        92781627.649281487     
   134.83253832704310        4.1302637997241680       -7.8787191658814546       -3.7484553661572861        332.46977075720696        88604397.273259848     
   135.17915153611006        4.1104537774057883       -7.8355712701144835       -3.7251174927086956        330.87514293238695        90875658.451423809     
   135.52576474517699        4.1034800525246098       -7.7575727147841498       -3.6540926622595404        330.31378587990906        96580821.926792979     
   135.87237795424394        4.3013278181961629       -7.8173355215120388       -3.5160077033158750        346.23974230478439        96337944.414703980     
   136.21899116331090        4.0122842328127755       -8.0243909183800604       -4.0121066855672840        322.97288594135455        73351826.178513467     
   136.56560437237783        3.8224954399413655       -7.8177892018013369       -3.9952937618599713        307.69564470013927        91488946.000180259     
   136.91221758144479        4.0090417281575155       -7.8131579516453193       -3.8041162234878043        322.71187724271277        95147862.568912461     
   137.25883079051175        3.5722995643746076       -7.8499341727305536       -4.2776346083559460        287.55587411220881        83507336.946127683     
   137.60544399957871        4.2471400802283492       -7.6261463396699041       -3.3790062594415544        341.87784541548302        112916789.86149447     
   137.95205720864564        3.9934679356674354       -7.8726452002576197       -3.8791772645901847        321.45824903152123        89904010.620964408     
   138.29867041771257        4.1963543924203961       -7.7951561421242204       -3.5988017497038238        337.78980000192263        99056661.161538839     
   138.64528362677953        4.0395400459628705       -8.0025831987244889       -3.9630431527616188        325.16687024579988        83481571.175690264     
   138.99189683584649        4.2486232471687444       -7.9352035904925362       -3.6865803433237918        341.99723444160310        91763102.381418586     
   139.33851004491345        4.2171426710271511       -7.9502932150682799       -3.7331505440411283        339.46317355817979        90877079.238046661     
   139.68512325398041        4.0970475670155730       -7.9466743404871032       -3.8496267734715306        329.79599643926088        88351519.426111445     
   140.03173646304734        4.3682544753607004       -8.1508456710926271       -3.7825911957319263        351.62707140626355        72099638.900997028     
   140.37834967211427        4.0100359393479064       -8.1532505763717253       -4.1432146370238199        322.79190728015863        69488920.823594674     
   140.72496288118123        4.4800219422214695       -7.9558993855861289       -3.4758774433646598        360.62390693231282        91900251.680600971     
   141.07157609024819        4.0265450154270761       -8.0618659753442046       -4.0353209599171294        324.12082209180375        81412846.251396731     
   141.41818929931515        4.3627310037060543       -7.9687199953441663       -3.6059889916381125        351.18245395714882        93283948.959550530     
   141.76480250838208        4.1050778563250647       -7.7865080533677773       -3.6814301970427126        330.44240271626893        108797761.40404138     
   142.11141571744903        4.2380857930428366       -7.8123435331447775       -3.5742577401019413        341.14901139157922        107482377.84497848     
   142.45802892651596        3.9354518927924595       -7.8039204637352650       -3.8684685709428055        316.78818885856776        106472326.44171634     
   142.80464213558292        4.2401430028413420       -7.8283214973623130       -3.5881784945209714        341.31460857937975        111792571.15087871     
   143.15125534464988        4.1554296887601740       -7.8818041731148156       -3.7263744843546416        334.49552450186150        102896804.42003751     
   143.49786855371681        3.8669726408951197       -7.5244910223427288       -3.6575183814476095        311.27588207045068        129048222.84915161     
   143.84448176278377        4.1170145478215536       -7.7408455194284240       -3.6238309716068704        331.40325879662441        113774492.40697499     
   144.19109497185073        3.9293053373289246       -7.7740283118798050       -3.8447229745508804        316.29341564673450        105487432.83126175     
   144.53770818091766        4.1392885606334984       -7.9828028341098731       -3.8435142734763748        333.19622803358334        92813236.127489612     
   144.88432138998462        3.5138914533836290       -7.8293676486918233       -4.3154761953081948        282.85425401887989        93016219.630762160     
   145.23093459905155        3.9649615795586777       -7.8556200016072495       -3.8906584220485718        319.16360100413976        93378297.157572225     
   145.57754780811851        4.2724595477381291       -8.0489913382323710       -3.7765317904942415        343.91596161504236        77120158.425106794     
   145.92416101718547        4.0331083721220145       -7.9830911720213376       -3.9499827998993227        324.64914614120454        77081027.007012829     
   146.27077422625243        4.3936114650687150       -8.0400810753672509       -3.6464696102985363        353.66820799320004        74879103.226545542     
   146.61738743531936        4.1326901882382696       -8.0426696001387459       -3.9099794119004754        332.66508535989772        75230958.679442286     
   146.96400064438629        4.2217544158479345       -7.9396925679653307       -3.7179381521173966        339.83440063172867        87464465.189917922     
   147.31061385345325        3.6859905891185782       -7.6405995258281703       -3.9546089367095916        296.70754837967428        108532133.79324709     
   147.65722706252021        4.3712435634224907       -8.0372730193700974       -3.6660294559476077        351.86768107936547        82994956.775543660     
   148.00384027158717        3.8738849021600279       -7.9961335791459254       -4.1222486769858975        311.83229154684091        76715574.801500618     
   148.35045348065412        4.1329155129616586       -8.1931427890802908       -4.0602272761186313        332.68322310188319        61741245.494962968     
   148.69706668972105        4.3653801300132535       -7.8952848262669244       -3.5299046962536713        351.39569806424930        88857163.953898773     
   149.04367989878799        3.8392099136564495       -7.9357968143250091       -4.0965869006685596        309.04109320266650        82604338.474780932     
   149.39029310785494        4.5269744089544615       -7.9421151205614278       -3.4151407116069663        364.40339333031130        89475250.855797753     
   149.73690631692190        4.2667062207560926       -7.9636074909929659       -3.6969012702368738        343.45284172838120        84132335.902878121     
   150.08351952598886        4.2295994466491527       -7.9560105617251740       -3.7264111150760213        340.46589433734579        83301495.793213204     
   150.43013273505579        4.1198035988789679       -7.8815423830090596       -3.7617387841300913        331.62776628831318        86007473.470640630     
   150.77674594412275        3.9064649773050166       -7.8808986304335598       -3.9744336531285427        314.45485771693166        87877750.108661920     
   151.12335915318971        4.0152527756160747       -8.0487623136567841       -4.0335095380407093        323.21184180305085        72551227.424266696     
   151.46997236225664        4.2781964778203472       -7.9562984699575221       -3.6781019921371754        344.37776161663362        83124484.505464539     
   151.81658557132360        4.0933615411427695       -7.8542790671298519       -3.7609175259870824        329.49928605068527        92106035.674203187     
   152.16319878039053        4.4098331667134438       -7.9443271808392995       -3.5344940141258556        354.97399030847856        87385966.153865829     
   152.50981198945749        4.4256858467035425       -7.9871252612456800       -3.5614394145421384        356.25006785164840        84916034.733751997     
   152.85642519852445        3.9688878697512751       -7.9540933726227490       -3.9852055028714743        319.47965171265537        79163895.473184302     
   153.20303840759141        4.1046866661640946       -7.8946365119276072       -3.7899498457635126        330.41091346777381        84973904.585950822     
   153.54965161665834        4.1801728225272070       -8.1186452118023791       -3.9384723892751721        336.48724813265954        64485449.333854355     
   153.89626482572527        4.0692472799778585       -7.7682299089111728       -3.6989826289333148        327.55818415738423        97400747.298581168     
   154.24287803479223        4.0206424870833537       -7.8265465259980598       -3.8059040389147056        323.64569209031180        90185069.902879193     
   154.58949124385919        3.9583420670054537       -8.0072140359480048       -4.0488719689425512        318.63075663200993        74497991.808868214     
   154.93610445292614        4.4102277066520923       -8.0672415725220059       -3.6570138658699141        355.00574920072307        71533137.205176532     
   155.28271766199310        4.1067247643786704       -7.9739815202731323       -3.8672567558944624        330.57497224925544        77911404.778536588     
   155.62933087106003        4.3112648386034742       -7.8600015071383913       -3.5487366685349171        347.03963283406461        91486400.384443209     
   155.97594408012696        4.3077842823685453       -7.9436130031710110       -3.6358287208024658        346.75946193224195        82447089.389713377     
   156.32255728919392        4.2097576618387293       -7.9226930967073343       -3.7129354348686050        338.86870975853623        82095444.585999280     
   156.66917049826088        3.8537969952227216       -7.8802945701457432       -4.0264975749230221        310.21529511797246        83473350.344236806     
   157.01578370732784        3.8940763659800552       -7.7094350774870595       -3.8153587115070038        313.45762389194323        98145444.320658714     
   157.36239691639477        4.6719309208606203       -7.9474220699532516       -3.2754911490926313        376.07181467580102        86877920.405244455     
   157.70901012546173        4.2845893592962101       -7.7847864679593135       -3.5001971086631030        344.89236309049113        94667225.285441682     
   158.05562333452866        4.4735890051092069       -7.9447919584880484       -3.4712029533788415        360.10608113940526        81039048.037335649     
   158.40223654359562        4.1844222890008540       -8.0601215673299063       -3.8756992783290531        336.82931324347118        68382012.309254587     
   158.74884975266258        4.1269583605715514       -8.0518140722922453       -3.9248557117206930        332.20369608241361        68270983.923295930     
   159.09546296172951        4.0895176719584345       -8.1026168236780673       -4.0130991517196328        329.18986990476697        62527119.949870840     
   159.44207617079647        4.0406107623394112       -8.1327912590404807       -4.0921804967010695        325.25305864574619        58570475.909391403     
   159.78868937986343        3.8572189924052283       -8.0109925413826559       -4.1537735489774281        310.49075224951838        68649453.443744868     
   160.13530258893036        4.0642622444412826       -8.0318348229855800       -3.9675725785442979        327.15690866932152        69339883.775408760     
   160.48191579799732        4.1602212586584715       -8.0176139492724783       -3.8573926906140072        334.88122677728524        73676802.321455821     
   160.82852900706425        3.9997259818369364       -8.0844840048803022       -4.0847580230433662        321.96199680073175        66437903.700740352     
   161.17514221613121        3.6928273190400942       -7.9799111116003969       -4.2870837925603027        297.25787788402391        74747243.483113870     
   161.52175542519817        4.1918346272187330       -7.8276024811527316       -3.6357678539339986        337.42597692104010        93768508.984854057     
   161.86836863426512        4.7024282741094332       -7.9140800043949726       -3.2116517302855394        378.52673003593168        84440980.418884084     
   162.21498184333208        4.0924712064453583       -7.9522178505842236       -3.8597466441388653        329.42761765682496        76782466.141721725     
   162.56159505239899        4.2027230426869258       -7.8724129340041076       -3.6696898913171818        338.30245096002540        86128506.513663396     
   162.90820826146594        4.6327618810163891       -8.0449536476323615       -3.4121917666159711        372.91886311404824        74611205.637923732     
   163.25482147053290        4.2999275211271932       -8.0995321767392969       -3.7996046556121028        346.12702397295692        67715879.391868174     
   163.60143467959986        4.0882357224040815       -8.0852420536608420       -3.9970063312567592        329.08667807607884        67840402.023967624     
   163.94804788866682        3.9936499397704250       -7.9096811204116326       -3.9160311806412076        321.47289963626031        80578344.221147805     
   164.29466109773375        4.2160815844305892       -7.9208105261027528       -3.7047289416721636        339.37776031713304        83848131.607834071     
   164.64127430680071        4.4889958736414739       -7.8014941245217955       -3.3124982508803220        361.34627263742806        97846636.633051351     
   164.98788751586764        3.9419261198704891       -7.8930111699485321       -3.9510850500780430        317.30933832911882        84652196.007340237     
   165.33450072493460        4.3660997809143867       -7.9083302880544579       -3.5422305071400713        351.45362709293289        90823382.704039335     
   165.68111393400156        3.9728773007863039       -7.8901602160254081       -3.9172829152391047        319.80078500727842        87151209.438964054     
   166.02772714306849        3.5945757439106711       -7.6582453465305047       -4.0636696026198340        289.34901776182170        104898854.16317478     
   166.37434035213545        3.6886546312801882       -7.9462738126321044       -4.2576191813519166        296.92199315359335        80046405.467894167     
   166.72095356120241        3.7435468405419434       -7.9588735324037820       -4.2153266918618382        301.34059717371218        80526853.119702548     
   167.06756677026934        4.1549278997018337       -7.9884896729976234       -3.8335617732957896        334.45513248302581        80864045.525154263     
   167.41417997933630        3.9475019927668864       -8.0275956172383225       -4.0800936244714352        317.75817386929918        77805124.575778976     
   167.76079318840323        4.1673788956426439       -8.0311870191603365       -3.8638081235176922        335.45738802089642        76651156.691829458     
   168.10740639747019        4.2365126371101338       -7.9583661219453958       -3.7218534848352625        341.02237861031574        82036743.776719719     
   168.45401960653714        3.8280819227084164       -7.8437766097909245       -4.0156946870825081        308.14533429261144        86533085.291400701     
   168.80063281560410        4.3053496170560255       -7.7335166817977425       -3.4281670647417171        346.56348108027362        104222028.54296950     
   169.14724602467103        3.9646059666834765       -7.9457006553119074       -3.9810946886284304        319.13497558532168        78571333.231259376     
   169.49385923373796        3.8188056865059603       -8.0845881368483159       -4.2657824503423560        307.39863425763394        65097845.462853067     
   169.84047244280492        4.1306140813489955       -8.1561812937081584       -4.0255672123591628        332.49796703162281        64105541.951745749     
   170.18708565187188        4.3098564759549642       -7.7611558906258455       -3.4512994146708813        346.92626525523718        101787869.65137546     
   170.53369886093884        4.3629965672467517       -8.0872574068700747       -3.7242608396233234        351.20383076351732        72167197.540731698     
   170.88031207000580        4.0624812723341011       -7.9114014246393856       -3.8489201523052845        327.01354751446286        88928851.983318418     
   171.22692527907273        4.2726100687806392       -7.8213006395170703       -3.5486905707364316        343.92807795891861        97328051.941954836     
   171.57353848813966        3.9525623291582859       -7.7088501539642920       -3.7562878248060061        318.16551077599144        100512457.43939838     
   171.92015169720662        4.3676200481536576       -7.9423100809740195       -3.5746900328203624        351.57600254521356        84819185.676914826     
   172.26676490627358        4.2695376173732882       -7.8111076815734171       -3.5415700642001298        343.68075786882349        95805732.290419146     
   172.61337811534054        4.2228794358798813       -7.8780236483859873       -3.6551442125061064        339.92496025945599        88582603.957034037     
   172.95999132440747        3.9575288395419621       -7.8893718832732418       -3.9318430437312792        318.56529506309550        86550859.047788978     
   173.30660453347443        3.9550274744975336       -7.8398683808387082       -3.8848409063411751        318.36394514860410        91876517.178727657     
