  0.34661320906694887        4.5830740216984767       -4.3494229383194973       0.23365108337897972        368.91918851748960        151586985.58606702     
  0.69322641813389774        4.1902764582345613       -4.9985833121990630      -0.80830685396450175        337.30055052938843        104345751.98380661     
   1.0398396272008466        4.4863102042057079       -5.3758311794408868      -0.88952097523517903        361.13008695415562        79108775.515521213     
   1.3864528362677955        4.2271159754408822       -5.3927165248565432       -1.1656005494156609        340.26598480533221        72332803.039928839     
   1.7330660453347442        4.3428565998523077       -5.5129679861683574       -1.1701113863160495        349.58264367538607        64129385.630649969     
   2.0796792544016931        3.9579885379556758       -5.6089784939254130       -1.6509899559697372        318.60229895283129        51763045.123624653     
   2.4262924634686422        4.0909007171081120       -5.7049662701454462       -1.6140655530373342        329.30119952586546        43858062.508396558     
   2.7729056725355909        4.2863944749496170       -5.6917479375558857       -1.4053534626062685        345.03766770457378        48172049.258514054     
   3.1195188816025397        4.0973424392093971       -5.8318029927493278       -1.7344605535399309        329.81973247536831        32764073.595043663     
   3.4661320906694884        4.5725238682055513       -5.8032391824433125       -1.2307153142377609        368.06994321904625        39680007.622576766     
   3.8127452997364375        4.0961860755959352       -5.8959759887522933       -1.7997899131563582        329.72664981427891        28429238.446732286     
   4.1593585088033862        3.9986060360199080       -5.7641242509360486       -1.7655182149161406        321.87184562707728        35683600.383994192     
   4.5059717178703353        4.3847521383788424       -5.8689397838719808       -1.4841876454931384        352.95506751199349        31690028.212774713     
   4.8525849269372845        4.1980012101988757       -5.7162101518520592       -1.5182089416531841        337.92236226812128        38932177.916368797     
   5.1991981360042328        4.3032007723689514       -5.7166377634068724       -1.4134369910379210        346.39050764924184        37203451.405475132     
   5.5458113450711819        4.1839251049538300       -5.6084748021892645       -1.4245496972354348        336.78929190968870        44300794.578365386     
   5.8924245541381302        4.4420906607821458       -5.7604264323250192       -1.3183357715428741        357.57058998788386        35135608.773278058     
   6.2390377632050793        4.4518945350238850       -5.9239886945582461       -1.4720941595343611        358.35976278161712        27819849.336582996     
   6.5856509722720284        4.0087307112421895       -5.9371714597914282       -1.9284407485492383        322.68684162088465        25011254.918690596     
   6.9322641813389767        4.4235016747916944       -5.9680451756781574       -1.5445435008864632        356.07425071985284        24409915.331297770     
   7.2788773904059259        4.4126740582275339       -6.0901219470505206       -1.6774478888229871        355.20267075026982        13685775.521239061     
   7.6254905994728750        4.4638290825033042       -5.9503565648234504       -1.4865274823201464        359.32044627714561        25942836.742381331     
   7.9721038085398241        3.9746586545968037       -6.0586621829419194       -2.0840035283451157        319.94417688773262        14486578.865718599     
   8.3187170176067724        4.0166216431512112       -6.0846745173022301       -2.0680528741510189        323.32203018269723        13079750.024163809     
   8.6653302266737207        3.7066754631152126       -5.9553560095626308       -2.2486805464474182        298.37259827703480        18420137.721763223     
   9.0119434357406707        4.0000183902895472       -5.9349099334194220       -1.9348915431298741        321.98553451549310        22869192.833353557     
   9.3585566448076190        3.6892096330255835       -6.0042754766668747       -2.3150658436412908        296.96666858160688        16154068.320596600     
   9.7051698538745690        4.5154361703654757       -5.9944281038012459       -1.4789919334357700        363.47461112059432        22602589.432251077     
   10.051783062941515        4.4453963307721489       -5.7881565776019386       -1.3427602468297899        357.83668324416664        35710506.857779324     
   10.398396272008466        4.4323590025797550       -5.8064683182269796       -1.3741093156472244        356.78723029743213        31037608.095572930     
   10.745009481075414        4.1961880812318251       -5.9005377992954751       -1.7043497180636504        337.77641261423508        25313691.341605261     
   11.091622690142364        4.0199214020085687       -5.7373746006711421       -1.7174531986625736        323.58764761636644        35586669.709051676     
   11.438235899209312        3.9029231872767860       -5.8416365850409022       -1.9387133977641167        314.16975773885400        28059449.748327311     
   11.784849108276260        4.4874326214673301       -5.9959847845647936       -1.5085521630974641        361.22043706924762        20401011.569097999     
   12.131462317343209        3.6990048494951697       -5.9430178269452805       -2.2440129774501107        297.75514445919566        17162001.301431097     
   12.478075526410159        4.0897705374672197       -5.9060924128194081       -1.8163218753521879        329.21022457018660        18525843.703462809     
   12.824688735477107        4.4392902438055346       -5.8642208708585351       -1.4249306270530007        357.34516758500962        27277505.533595875     
   13.171301944544057        4.0025538403242047       -5.9414843559885506       -1.9389305156643455        322.18962813581953        22140690.708078120     
   13.517915153611005        4.2485544099769985       -5.8921901419358376       -1.6436357319588395        341.99169332208407        27333317.400438655     
   13.864528362677953        3.8900637425943545       -5.8656025834721621       -1.9755388408778078        313.13462370554640        24982797.380544040     
   14.211141571744902        4.1982187329070886       -5.8767074772084706       -1.6784887443013823        337.93987197898741        24277773.059264489     
   14.557754780811852        4.0448956874714188       -5.8995043431012677       -1.8546086556298496        325.59797803720136        18853365.874475017     
   14.904367989878800        3.9083094840052448       -5.7938567977872237       -1.8855473137819787        314.60333315325266        28449181.462438125     
   15.250981198945750        4.0989065817844130       -5.9717655730015231       -1.8728589912171103        329.94563971726944        17524666.614930756     
   15.597594408012698        4.1729212219746143       -5.9266120083585596       -1.7536907863839455        335.90352319637230        23351738.124682508     
   15.944207617079648        3.9919033372964745       -6.0049576827334663       -2.0130543454369922        321.33230509986362        15252213.768377017     
   16.290820826146597        4.0426281661310961       -5.9418658195791707       -1.8992376534480744        325.41545160868264        20670755.029929504     
   16.637434035213545        4.1590331793881914       -5.9785357658738691       -1.8195025864856773        334.78559113225509        16804132.726862736     
   16.984047244280493        4.0964223906063184       -5.9164384977957800       -1.8200161071894621        329.74567223055499        20937330.323636260     
   17.330660453347441        4.0396289718854383       -5.9223937993719558       -1.8827648274865172        325.17402842806712        19072486.236778706     
   17.677273662414393        4.3394804049704927       -5.9146830803139174       -1.5752026753434247        349.31087344645698        19928050.813763719     
   18.023886871481341        4.3362078737369796       -6.0333167796278184       -1.6971089058908382        349.04744772796545        11930982.517272288     
   18.370500080548286        4.0779659034558540       -5.9155601376037152       -1.8375942341478610        328.25999859094202        16849770.867470525     
   18.717113289615238        4.0835116337927344       -5.9899651438174359       -1.9064535100247011        328.70640777524329        13125291.639488494     
   19.063726498682186        3.9110206066009749       -5.9972502060792960       -2.0862295994783215        314.82156771443425        12926878.906887716     
   19.410339707749138        4.2397448626839633       -5.9891455574795014       -1.7494006947955378        341.28255988387951        15554538.746499572     
   19.756952916816083        3.9644911921955317       -5.9486503206267889       -1.9841591284312574        319.12573669658576        17640836.325649831     
   20.103566125883031        4.1830827083071913       -5.9596373034074457       -1.7765545951002542        336.72148233781263        20862263.568644140     
   20.450179334949983        4.3162404111710853       -5.9355754622487780       -1.6193350510776929        347.44014659084934        24542520.443873379     
   20.796792544016931        4.6813183936523055       -5.9385607696644698       -1.2572423760121640        376.82746881277160        29199082.732158106     
   21.143405753083879        3.8816187278539007       -5.9738386248620747       -2.0922198970081740        312.45483368463113        19237248.757103167     
   21.490018962150828        4.1168225198450443       -5.8402911806419890       -1.7234686607969438        331.38780131002682        27751065.685642730     
   21.836632171217776        4.3258523661144723       -5.9109408150469909       -1.5850884489325190        348.21387064614333        25843358.197272304     
   22.183245380284728        4.1750141786743313       -5.9109926422738770       -1.7359784635995454        336.07199786721685        24016228.414401606     
   22.529858589351676        4.1146699300316447       -5.8980733062888566       -1.7834033762572121        331.21452641125569        25048353.310335558     
   22.876471798418624        3.9493375901484624       -5.9285354218646411       -1.9791978317161785        317.90593214098527        22309036.747896701     
   23.223085007485572        4.3139385349332633       -6.0000845942285910       -1.6861460592953283        347.25485473003619        22616881.325236581     
   23.569698216552521        4.3333623863178357       -5.8296117533255618       -1.4962493670077264        348.81839733413864        33309440.694264751     
   23.916311425619472        4.3856070215643337       -5.8589562770067127       -1.4733492554423795        353.02388220047021        33210115.947613593     
   24.262924634686417        4.2439951140310725       -5.8427022551937418       -1.5987071411626692        341.62468817387600        31690147.275193740     
   24.609537843753369        4.3433294696835780       -5.9012199940807601       -1.5578905243971823        349.62070781172793        27852732.850856148     
   24.956151052820317        3.9761834229906245       -5.7300917085776195       -1.7539082855869950        320.06691466501098        36765668.609023884     
   25.302764261887265        4.1340337382206158       -5.8115094023843739       -1.6774756641637583        332.77323577747188        32922781.981711913     
   25.649377470954214        4.5786843141175062       -5.7911686208462587       -1.2124843067287518        368.56583455660359        33879079.956163220     
   25.995990680021162        4.3480813774761984       -5.7069335628636617       -1.3588521853874633        350.00321744575592        39114378.659737110     
   26.342603889088114        4.4890434624954683       -5.8782052908418470       -1.3891618283463782        361.35010335046366        31236790.013093237     
   26.689217098155062        4.2726195362122024       -5.9068974183889003       -1.6342778821766983        343.92884004941800        26930433.959586356     
   27.035830307222010        3.9959871429137861       -5.9780302334744775       -1.9820430905606914        321.66103517214015        18636398.074306071     
   27.382443516288959        3.9758197008722127       -5.9524764789762354       -1.9766567781040227        320.03763648444158        23156541.366526298     
   27.729056725355907        4.2999067140710432       -5.9102297726296769       -1.6103230585586341        346.12534908788325        28631173.879305732     
   28.075669934422855        4.5662718472664574       -6.0761021147765186       -1.5098302675100610        367.56668045686422        21617555.637682516     
   28.422283143489803        4.0961309683337097       -5.8755097067888622       -1.7793787384551529        329.72221389935254        32645145.276332252     
   28.768896352556755        4.4593982340992238       -5.8920967082322298       -1.4326984741330058        358.96378064400540        31401285.126922779     
   29.115509561623703        3.9072831386244156       -6.1356403452887420       -2.2283572066643269        314.52071644157797        11500216.761265002     
   29.462122770690652        4.1544580208199742       -5.9787357121584241       -1.8242776913384500        334.41730910618821        23443194.669996768     
   29.808735979757600        4.1787586982420395       -5.9974890663672173       -1.8187303681251774        336.37341676504974        26319987.716218106     
   30.155349188824552        4.2098968968641000       -5.9076938261057288       -1.6977969292416295        338.87991762302397        32433765.898691528     
   30.501962397891500        4.6022493163956915       -6.0306465328542282       -1.4283972164585361        370.46272329912040        27728740.314933974     
   30.848575606958448        4.1685423738217535       -5.9313131672231254       -1.7627707934013723        335.55104337615853        32246518.655483339     
   31.195188816025397        4.4690714260859385       -5.9215456995828086       -1.4524742734968703        359.74243403716838        35102221.519440152     
   31.541802025092341        3.9730107238119929       -5.9438986817206310       -1.9708879579086382        319.81152502896123        28026431.566521104     
   31.888415234159297        3.9614083856798339       -6.0007540708216798       -2.0393456851418454        318.87758306154888        24506854.203703526     
   32.235028443226241        4.2452556074457952       -5.9573507180569072       -1.7120951106111122        341.72615286885792        29708413.030871056     
   32.581641652293193        4.3566665406790435       -5.9606392876608867       -1.6039727469818430        350.69428885919780        29631004.416019052     
   32.928254861360138        3.9349690608595735       -6.1454566919452915       -2.2104876310857180        316.74932281275932        11089612.406019242     
   33.274868070427090        4.7493464115165631       -6.0254729668219849       -1.2761265553054220        382.30345306005074        24750364.903627753     
   33.621481279494041        4.1512271259066962       -5.9469808333780714       -1.7957537074713756        334.15723494549417        23758332.012492444     
   33.968094488560986        3.9665790020367124       -5.8353088644593241       -1.8687298624226114        319.29379706583586        26845072.645609990     
   34.314707697627938        4.0699984662864699       -5.8945703164202170       -1.8245718501337473        327.61865166065525        27187620.605919432     
   34.661320906694883        4.1774152992871931       -5.7226042707873468       -1.5451889715001532        336.26527850458729        39831998.544237189     
   35.007934115761834        4.4331331309095310       -5.9423124902942099       -1.5091793593846785        356.84954454194946        23408718.674986597     
   35.354547324828786        4.1572580268216468       -5.9155359702481416       -1.7582779434264948        334.64269842721825        24224412.349986691     
   35.701160533895731        4.0145291850008187       -5.7540195990690499       -1.7394904140682310        323.15359564308591        33516181.142166667     
   36.047773742962683        3.9349138709102829       -5.9661274005610618       -2.0312135296507789        316.74488024185382        20881126.683219370     
   36.394386952029627        4.2517505595378520       -5.8538512981592667       -1.6021007386214141        342.24897062041879        31725267.242125984     
   36.741000161096572        4.2449063540717695       -5.9075302789338862       -1.6626239248621166        341.69803936453252        29177203.794550832     
   37.087613370163531        4.0698754796358356       -5.8858801888563068       -1.8160047092204714        327.60875172556024        26818028.885259483     
   37.434226579230476        4.1078692192659263       -6.0120385995204426       -1.9041693802545163        330.66709630535900        21534050.119514052     
   37.780839788297428        4.3995840046132288       -5.8625950908960442       -1.4630110862828156        354.14897361725912        34543969.503483631     
   38.127452997364372        4.2506183967012410       -6.0609466626818111       -1.8103282659805700        342.15783602539051        16329398.219338214     
   38.474066206431317        3.7358440907368293       -5.9718641518278819       -2.2360200610910526        300.72055652108429        15611631.878016492     
   38.820679415498276        4.3894637695642418       -5.9121080678298217       -1.5226442982655806        353.33433503970127        23540738.267387968     
   39.167292624565221        4.0534776161044332       -6.0236260053651707       -1.9701483892607374        326.28878908066633        15647530.430039372     
   39.513905833632165        4.0569131099494422       -6.0138060981257420       -1.9568929881762998        326.56533263973978        17051250.018725157     
   39.860519042699117        4.0837733205646698       -5.9879647445543691       -1.9041914239896995        328.72747251718090        20799931.934108350     
   40.207132251766062        4.4140247106931776       -6.0150951274684550       -1.6010704167752770        355.31139288943575        18604995.153687488     
   40.553745460833021        4.4485763364781779       -6.0001812744005854       -1.5516049379224073        358.09266102654476        18567919.582532659     
   40.900358669899965        4.4151562753450833       -6.0067059936898826       -1.5915497183447993        355.40247933297985        19155026.577045213     
   41.246971878966910        4.1916850993793311       -6.1114279840615788       -1.9197428846822477        337.41394052605455        7396023.4821887435     
   41.593585088033862        4.3823795878346763       -5.9435132373846091       -1.5611336495499322        352.76408665125979        20521252.586585179     
   41.940198297100807        3.9460772896540401       -5.9057272910407548       -1.9596500013867144        317.64349094823325        23018521.446318261     
   42.286811506167759        4.2590445230240572       -5.8598130428454978       -1.6007685198214407        342.83610560398375        30877125.525537878     
   42.633424715234710        4.3755760809560345       -5.6443738124752532       -1.2687977315192185        352.21643146941932        46096841.565856904     
   42.980037924301655        4.0657421252838803       -5.6931916672386329       -1.6274495419547523        327.27603317766875        37818754.387909465     
   43.326651133368607        4.0859504558163042       -5.8078998654468421       -1.7219494096305381        328.90272322588055        28624919.608436655     
   43.673264342435552        3.9694639558014209       -5.9657406984798005       -1.9962767426783792        319.52602434314969        16448441.146447938     
   44.019877551502503        4.3861161757043909       -5.9707560058672406       -1.5846398301628495        353.06486707902354        19855315.963279761     
   44.366490760569455        4.1198230211519187       -5.8214597305807549       -1.7016367094288363        331.62932970385964        30733032.602476273     
   44.713103969636400        4.5067159032252269       -5.9732666184881182       -1.4665507152628914        362.77266437877751        21356620.846039355     
   45.059717178703352        4.2865502748530906       -5.9358713572043982       -1.6493210823513076        345.05020897571364        22586664.146344598     
   45.406330387770296        4.3885326495673720       -6.0019627556487096       -1.6134301060813383        353.25938359182345        18906604.764232669     
   45.752943596837248        4.4704985388564555       -5.9250223254440639       -1.4545237865876082        359.85731092607080        22207999.187086783     
   46.099556805904200        3.9726185645334229       -5.8650396617197869       -1.8924210971863644        319.77995777036256        23790121.466643900     
   46.446170014971145        4.2512199196050249       -5.8818763772859874       -1.6306564576809626        342.20625622119962        23351549.048887622     
   46.792783224038089        4.3388713620508632       -5.9184647779464186       -1.5795934158955554        349.26184791935043        21354731.413493983     
   47.139396433105041        4.1863303316280156       -6.0475113390723232       -1.8611810074443074        336.98290306862708        11707170.056362856     
   47.486009642171993        4.2088258325870891       -5.9695230989148795       -1.7606972663277909        338.79370121847671        19469656.775562622     
   47.832622851238945        4.0204896416772140       -6.0016295455336728       -1.9811399038564592        323.63338864442920        20172079.980663981     
   48.179236060305890        4.3836552581842669       -5.8323844835911913       -1.4487292254069239        352.86677302899636        33120142.427785989     
   48.525849269372834        4.0903332153425866       -5.8006193619569899       -1.7102861466144028        329.25551789606226        31794432.263353247     
   48.872462478439786        4.3357573704730950       -5.7129124936423077       -1.3771551231692127        349.01118401113479        40255456.296232417     
   49.219075687506738        3.9954505802082392       -5.8558158504510676       -1.8603652702428286        321.61784401332795        28859980.741124518     
   49.565688896573683        3.9544083143472712       -5.9737411939839919       -2.0193328796367211        318.31410522476352        18398333.294407301     
   49.912302105640634        3.7459649704774800       -6.0589406900650919       -2.3129757195876115        301.53524699375095        12121502.297373334     
   50.258915314707579        3.9530189619016531       -5.9248422937997187       -1.9718233318980658        318.20226789148558        21884096.510672711     
   50.605528523774531        4.0823697305144506       -6.0400387195878880       -1.9576689890734376        328.61448911349015        14312648.091812372     
   50.952141732841483        3.9354367946996067       -6.0238089874943839       -2.0883721927947771        316.78697352228096        16479182.250489274     
   51.298754941908427        4.1410113168880374       -5.8291943310474057       -1.6881830141593686        333.33490304437936        31187685.590331648     
   51.645368150975379        4.2169433759675474       -5.7902858535487196       -1.5733424775811722        339.44713110036292        31533378.690132592     
   51.991981360042324        4.3502930234465511       -5.8665691508806104       -1.5162761274340599        350.18124612973696        27041069.666971821     
   52.338594569109276        3.8977544751099353       -5.6873349115137062       -1.7895804364037704        313.75369701427326        33210610.047951262     
   52.685207778176228        4.1903390732277508       -5.8254938287147047       -1.6351547554869539        337.30559078672820        28286060.611443490     
   53.031820987243172        4.5160695598229230       -5.7922127545327697       -1.2761431947098474        363.52559644693872        32826100.148268808     
   53.378434196310124        4.3733728893850508       -5.7615972447539514       -1.3882243553689004        352.03908333088435        31764771.768432952     
   53.725047405377069        4.0627330638502270       -5.8902192704288412       -1.8274862065786139        327.03381572775481        20526563.641358964     
   54.071660614444021        4.3036997317927659       -5.9130953560187427       -1.6093956242259768        346.43067189377848        19468702.630042624     
   54.418273823510972        4.2405389885750182       -5.8303578014235180       -1.5898188128484996        341.34648385236039        24561367.833575755     
   54.764887032577917        4.6009496930851581       -5.9086557723307225       -1.3077060792455650        370.35810880351534        26354287.412577424     
   55.111500241644869        4.1162029547842574       -5.9842264862685770       -1.8680235314843192        331.33792879250319        15912931.761585597     
   55.458113450711814        4.1739002144889312       -5.8424439601713400       -1.6685437456824093        335.98232819106289        23830881.473290171     
   55.804726659778765        3.5303464395994135       -5.8207802255565779       -2.2904337859571644        284.17881481214937        22892028.716788534     
   56.151339868845710        4.1486280781031768       -5.8921018622634787       -1.7434737841603016        333.94802195830420        22403174.458855271     
   56.497953077912662        4.3505561314826569       -6.0352138852270913       -1.6846577537444345        350.20242527777452        15824956.791930951     
   56.844566286979607        4.0271959255499912       -5.9439381600523165       -1.9167422345023255        324.17321776187293        18872133.312726088     
   57.191179496046558        4.3578311967391521       -5.8663491237198659       -1.5085179269807145        350.78803902918480        25613269.190405373     
   57.537792705113510        3.9490485813442007       -5.8695375109973860       -1.9204889296531851        317.88266808436350        20448008.507319648     
   57.884405914180455        4.0771945432784236       -5.8371575591345568       -1.7599630158561337        328.19790717165330        23378668.068133298     
   58.231019123247407        3.8047247337500569       -5.9027999005465137       -2.0980751667964568        306.26517369390172        16420599.526892869     
   58.577632332314352        4.1375122468197745       -5.8167094345551575       -1.6791971877353828        333.05324185277789        26138384.264268067     
   58.924245541381303        3.9206166300423289       -5.8695821042708367       -1.9489654742285079        315.59400934732480        19773304.196889233     
   59.270858750448255        4.1653800791818822       -5.8976893377350388       -1.7323092585531568        335.29649126400165        20613086.745876655     
   59.617471959515200        4.0104553681920851       -5.8239226970810032       -1.8134673288889180        322.82566963007986        24409226.612556174     
   59.964085168582152        3.7084682949050531       -5.9617613119512560       -2.2532930170462029        298.51691408906947        13448575.785664344     
   60.310698377649103        3.9385458842437511       -5.8421920665970157       -1.9036461823532642        317.03724283633164        23121851.985893883     
   60.657311586716048        4.1291143872197029       -5.8853283322860497       -1.7562139450663472        332.37724763268147        20242638.064205840     
   61.003924795783000        3.7447110737610250       -5.8161698341961090       -2.0714587604350840        301.43431330668216        22261445.415302973     
   61.350538004849945        3.9314974101396314       -5.7791538680781516       -1.8476564579385204        316.46986876939155        24447289.531644534     
   61.697151213916896        4.2469279737244232       -5.8916609971089127       -1.6447330233844899        341.86077168747056        20154504.578041531     
   62.043764422983848        4.3259405799707382       -5.8210732510687651       -1.4951326710980271        348.22097150991192        25332998.627213497     
   62.390377632050793        4.1961588067273121       -5.7310101804042262       -1.5348513736769138        337.77405613332337        29911898.546346795     
   62.736990841117745        4.2090184242402833       -5.8938150087262278       -1.6847965844859447        338.80920407880046        17956003.831762094     
   63.083604050184682        4.1654492757671537       -5.7520705725872121       -1.5866212968200584        335.30206131326685        27545679.350420672     
   63.430217259251641        3.9038866208642959       -5.7483543025168986       -1.8444676816526027        314.24731030196165        25621070.045552183     
   63.776830468318593        3.8530930056121631       -5.8196520562126972       -1.9665590506005342        310.15862676074715        20729660.464888394     
   64.123443677385538        4.3311763548841524       -5.8946243398336762       -1.5634479849495238        348.64243051824832        21413471.118912779     
   64.470056886452483        4.3216764106302472       -5.8654624289068318       -1.5437860182765846        347.87772287693178        21509897.097403638     
   64.816670095519427        3.9572315350198846       -5.8038917089920021       -1.8466601739721176        318.54136323426002        23076907.630009644     
   65.163283304586386        4.5048045479139116       -5.9745561820566611       -1.4697516341427499        362.61880789575315        18665630.770941123     
   65.509896513653331        3.9215252003466352       -5.8573311177909719       -1.9358059174443372        315.66714563484464        22899622.225863896     
   65.856509722720276        4.2413328124314651       -5.9735105159899815       -1.7321777035585166        341.41038350825949        21177216.391638242     
   66.203122931787235        3.9494413786222422       -5.8388066781435493       -1.8893652995213066        317.91428669937625        26861780.098084398     
   66.549736140854179        4.3000701506232559       -5.7494718325462610       -1.4494016819230060        346.13850507880346        37879982.520372100     
   66.896349349921124        3.9855266408302557       -5.8091859322932722       -1.8236592914630165        320.81900645476162        31539233.002672970     
   67.242962558988083        4.2041678312695154       -5.8682239727866801       -1.6640561415171644        338.41875068133578        28321591.987664405     
   67.589575768055028        4.3173434517005917       -5.8154185027941629       -1.4980750510935716        347.52893695625056        31104997.470770773     
   67.936188977121972        4.0256949440273315       -5.9355221469912074       -1.9098272029638761        324.05239473289765        17098090.354791779     
   68.282802186188917        4.1579396915343700       -5.7391800299926015       -1.5812403384582316        334.69756971916524        29995569.611331336     
   68.629415395255876        4.1039668859983838       -5.9265114538641193       -1.8225445678657357        330.35297403380702        18982698.217796151     
   68.976028604322821        3.5790673809773415       -5.8958957082226400       -2.3168283272452981        288.10065636911651        15363845.927353898     
   69.322641813389765        3.8763031776851697       -5.7656518554765057       -1.8893486777913360        312.02695308626249        25399015.429194596     
   69.669255022456724        4.0583952298179176       -5.8631687538795507       -1.8047735240616327        326.68463738074439        20454600.087170146     
   70.015868231523669        4.2377343118569062       -5.7495015799910041       -1.5117672681340975        341.12071855727663        29490008.440100256     
   70.362481440590614        4.0346202673611007       -5.8147195356061552       -1.7800992682450549        324.77084768084507        25246529.548058692     
   70.709094649657573        4.0141908806109869       -5.7365855840111832       -1.7223947034001961        323.12636348834047        29437588.749868095     
   71.055707858724517        4.2745063342588843       -5.7517896994990760       -1.4772833652401918        344.08071977053595        32340789.738065489     
   71.402321067791462        4.1776583344357423       -5.7406963437591605       -1.5630380093234184        336.28484186519626        27759656.741648760     
   71.748934276858407        3.9055022437041775       -5.9190611620349021       -2.0135589183307250        314.37736149996056        12796272.173842622     
   72.095547485925366        4.0826904070958268       -5.7511240802328141       -1.6684336731369871        328.64030229992738        25326626.912974555     
   72.442160694992310        4.4263425410813220       -5.7243935647846005       -1.2980510237032787        356.30292913117552        30315606.480789289     
   72.788773904059255        3.9066677475782221       -5.6993488425863914       -1.7926810950081697        314.47117991558957        27840252.219206225     
   73.135387113126214        4.1499174419658864       -5.8984462629070276       -1.7485288209411405        334.05181060925827        14993078.313219206     
   73.482000322193144        4.1648252036466351       -5.7494775241774949       -1.5846523205308602        335.25182599540199        23691079.683835551     
   73.828613531260103        4.2900390579336003       -5.8123468915424903       -1.5223078336088902        345.33104210580973        20538899.816495117     
   74.175226740327062        3.9327730886550984       -5.8004103206402347       -1.8676372319851364        316.57255580444860        20234995.101230036     
   74.521839949393993        4.0104651311307178       -5.8670887293780094       -1.8566235982472916        322.82645550772020        15235983.381065261     
   74.868453158460952        3.9251698702554951       -5.8009250209218477       -1.8757551506663526        315.96052703318668        21220839.460836239     
   75.215066367527896        3.7371075218155587       -5.8184598502886526       -2.0813523284730944        300.82225768630781        19947248.969303150     
   75.561679576594855        4.0259596220370391       -5.8521674979545768       -1.8262078759175377        324.07370025755154        20716087.402169522     
   75.908292785661800        4.4062669911805745       -5.8423537965895118       -1.4360868054089380        354.68692739448932        24533037.369133797     
   76.254905994728745        4.2108931466356143       -5.7468575549435048       -1.5359644083078907        338.96011175812367        30807644.115861204     
   76.601519203795704        3.8866641640728328       -5.9983374304129171       -2.1116732663400843        312.86097118683875        10238245.927334016     
   76.948132412862634        4.0156217600537154       -5.9684111690145683       -1.9527894089608531        323.24154357934009        14152396.304944774     
   77.294745621929593        4.4480106857547135       -6.0615483830717798       -1.6135376973170656        358.04712839824839        9654288.6864768527     
   77.641358830996552        4.2105638857546666       -6.0305214562747924       -1.8199575705201261        338.93360756979183        9260451.8868415393     
   77.987972040063482        4.3681211141899441       -5.8372267052379652       -1.4691055910480211        351.61633636365627        22752250.807170719     
   78.334585249130441        4.2475685860735632       -5.8240568456200448       -1.5764882595464820        341.91233842780252        21659301.392460991     
   78.681198458197386        3.8920086293073730       -5.8290655936697027       -1.9370569643623301        313.29117933273642        20458724.854653668     
   79.027811667264331        4.1012471775635619       -5.7577662458942083       -1.6565190683306465        330.13404834680557        25409425.267222509     
   79.374424876331290        4.2592445977253153       -5.9724154800569202       -1.7131708823316052        342.85221081984582        12164412.833056368     
   79.721038085398234        3.8239224787990684       -5.8371665391143317       -2.0132440603152637        307.81051563935472        17860283.702698670     
   80.067651294465179        4.0605999684807506       -5.8959716864607294       -1.8353717179799787        326.86211005400577        16596411.648651574     
   80.414264503532124        4.4475820613809800       -6.0102163393433425       -1.5626342779623628        358.01262584485568        11904305.073909067     
   80.760877712599083        4.1095196297927918       -5.8031524562908468       -1.6936328264980551        330.79994777348037        22187659.006202232     
   81.107490921666042        4.5154983110082538       -5.7013231366988899       -1.1858248256906361        363.47961319461695        32375668.177963674     
   81.454104130732972        4.1997528474919230       -5.7533862739334003       -1.5536334264414775        338.06336208738423        27327910.954247482     
   81.800717339799931        4.2062222687983457       -5.7560454709990072       -1.5498232022006615        338.58412471247897        25966630.053772874     
   82.147330548866876        4.2213757107432848       -5.6612219780099089       -1.4398462672666243        339.80391638049616        34176492.783728063     
   82.493943757933820        4.0267439237377030       -5.7832664334895476       -1.7565225097518444        324.13683341786970        22023989.369456392     
   82.840556967000779        4.4670747160350315       -5.7075965126163348       -1.2405217965813033        359.58170683786983        29806575.874398604     
   83.187170176067724        4.3559022896254058       -5.7120546065434201       -1.3561523169180141        350.63276969603430        29173839.101772834     
   83.533783385134669        4.0911421575811753       -5.7280767587785535       -1.6369346011973782        329.32063452145491        28570449.813041933     
   83.880396594201613        4.0439888318817019       -5.9495308700985206       -1.9055420382168187        325.52497977737033        14895540.419044325     
   84.227009803268572        3.7730873108757841       -6.0200325752029018       -2.2469452643271177        303.71848727376050        6928462.7225942584     
   84.573623012335517        4.1613243093785011       -5.8641377805764101       -1.7028134711979090        334.97001796298292        21141583.700644247     
   84.920236221402462        4.0441820315873178       -5.9527874890034012       -1.9086054574160840        325.54053158348995        14935687.082147002     
   85.266849430469421        3.9651049943792374       -5.8598298934001711       -1.8947248990209338        319.17514532547779        22976618.685325541     
   85.613462639536365        4.1460691747638707       -5.8307776672499276       -1.6847084924860578        333.74204044044905        23965964.191855107     
   85.960075848603310        4.1841322612984628       -5.7982295547198390       -1.6140972934213766        336.80596716961173        23485710.017109193     
   86.306689057670269        4.0955728382195451       -5.8684072285047497       -1.7728343902852042        329.67728665012419        17547063.206457928     
   86.653302266737214        4.2825903386740807       -5.7109699092660868       -1.4283795705920062        344.73144989942017        29762920.140901569     
   86.999915475804158        4.7397002562459232       -5.8899683552576105       -1.1502680990116871        381.52697601475103        19097727.878549106     
   87.346528684871103        4.0074759111887301       -5.8902816055318361       -1.8828056943431060        322.58583521878808        13527201.658553017     
   87.693141893938062        4.3011875955018546       -5.9328581196384214       -1.6316705241365674        346.22845493688430        14143180.061243471     
   88.039755103005007        4.1479554061605297       -5.9485258196896158       -1.8005704135290865        333.89387454849907        11387588.921139894     
   88.386368312071951        4.1011186176930554       -5.6601879042884482       -1.5590692865953930        330.12369978972828        30278608.076770198     
   88.732981521138910        4.0383358138481489       -5.8901561354220284       -1.8518203215738795        325.06993436118478        15072905.457563628     
   89.079594730205855        4.3723460372014165       -5.8774841670957256       -1.5051381298943087        351.95642582360432        17878099.613736201     
   89.426207939272800        3.8989586755306007       -5.8936384205875356       -1.9946797450569351        313.85063034764318        16626968.260674978     
   89.772821148339759        3.9691880079507276       -5.8887462748553920       -1.9195582669046642        319.50381164122319        18316000.346253037     
   90.119434357406703        4.0879622610055959       -5.7698775848407751       -1.6819153238351794        329.06466552364293        25533259.824655611     
   90.466047566473648        4.1303153886002599       -5.8400089979011875       -1.7096936093009267        332.47392345607551        23835892.616337568     
   90.812660775540593        4.0505313541477079       -5.7507542244894037       -1.7002228703416959        326.05162673829767        31572119.868422732     
   91.159273984607552        4.2860691654815879       -5.8817108757625522       -1.5956417102809641        345.01148158922973        25290833.207107566     
   91.505887193674496        3.8388621142079780       -5.8097694417521932       -1.9709073275442150        309.01309673355223        27652732.006162554     
   91.852500402741441        4.4504858712346538       -5.8205283368334912       -1.3700424655988377        358.24637096216213        32704561.369700663     
   92.199113611808400        4.4823591877449394       -5.8918091336341343       -1.4094499458891947        360.81204587962247        28646890.287062880     
   92.545726820875331        4.2042077237365048       -5.8156220228428186       -1.6114142991063134        338.42196186589877        31561857.322340652     
   92.892340029942289        3.8669902319758136       -5.6918019961861974       -1.8248117642103834        311.27729808232050        38415303.402084887     
   93.238953239009248        4.1023410816935977       -6.0955937436103227       -1.9932526619167255        330.22210326847124        13585161.383556603     
   93.585566448076179        4.1596884278715427       -5.9447663796850119       -1.7850779518134692        334.83833602304469        22691645.460872706     
   93.932179657143138        3.8990543476273007       -5.8549912500271644       -1.9559369023998638        313.85833157003481        25032694.027463447     
   94.278792866210082        4.4712269531762869       -5.7574936643016823       -1.2862667111253951        359.91594537502459        36980774.662018836     
   94.625406075277041        4.0906160192085705       -5.7948182243779591       -1.7042022051693888        329.27828247988839        30820806.479228310     
   94.972019284343986        4.1976082155496153       -5.6794473822610758       -1.4818391667114603        337.89072776551228        37378831.279831529     
   95.318632493410931        4.3980681053732766       -5.5806983699038275       -1.1826302645305515        354.02694977151060        42977671.038870208     
   95.665245702477890        4.1481012071411110       -5.7328908284304614       -1.5847896212893506        333.90561094620648        32069664.309002146     
   96.011858911544820        4.3344384505821543       -5.7596024812492272       -1.4251640306670732        348.90501621773200        30250621.517811932     
   96.358472120611779        4.3163603960980454       -5.8056610880484181       -1.4893006919503728        347.44980489915480        28336581.839478873     
   96.705085329678738        4.2414870642380986       -5.8230394250548834       -1.5815523608167845        341.42280016377515        24442991.440151036     
   97.051698538745669        3.7531859397533842       -5.7201269481906518       -1.9669410084372674        302.11650623437504        28670460.472870946     
   97.398311747812627        4.2302867573748912       -5.7228496398014279       -1.4925628824265367        340.52122011083287        35364535.497118518     
   97.744924956879572        3.9751502142683082       -5.8419286537757671       -1.8667784395074587        319.98374548170710        20306626.306081031     
   98.091538165946517        3.4490710610392505       -5.8117493582023396       -2.3626782971630886        277.63647083888856        20295331.166455995     
   98.438151375013476        3.8343750009960034       -5.8413788522979839       -2.0070038513019810        308.65190200767381        20674741.860070005     
   98.784764584080420        4.2064167844168949       -5.8353847896631006       -1.6289680052462063        338.59978244434393        23849676.607073259     
   99.131377793147365        3.8569238108480532       -5.9910161714561685       -2.1340923606081152        310.46699131089451        9218587.3147694170     
   99.477991002214310        4.1672631925141248       -5.9149667042549288       -1.7477035117408042        335.44807438029613        16609344.587539073     
   99.824604211281269        3.8025454941626937       -5.9200316211462951       -2.1174861269836018        306.08975359456468        13207267.215927023     
   100.17121742034823        4.3376687083482981       -5.7859099175770687       -1.4482412092287711        349.16503909062163        26503268.297153909     
   100.51783062941516        3.9274584982056093       -5.6894981175132848       -1.7620396193076753        316.14475245965309        33049762.280269869     
   100.86444383848212        3.9518089355802579       -5.7491207662378931       -1.7973118306576357        318.10486559633165        27963492.766978741     
   101.21105704754906        4.2077804222591348       -5.9314648570629096       -1.7236844348037743        338.70954985456012        18007222.662043400     
   101.55767025661601        3.7860366449888976       -5.8133867725335211       -2.0273501275446235        304.76085704789762        21849654.191257048     
   101.90428346568297        4.3260008072868139       -5.7922623215738893       -1.4662615142870759        348.22581956876240        28899038.548207309     
   102.25089667474991        4.1171368161284763       -5.8235215916417307       -1.7063847755132544        331.41310090791433        24999730.084507287     
   102.59750988381685        3.6906821178678579       -5.8709295647642756       -2.1802474468964177        297.08519774141189        17278658.127189636     
   102.94412309288380        4.0172688378834112       -5.8108250479483097       -1.7935562100648978        323.37412677862511        25234114.747999497     
   103.29073630195076        4.3082609904781100       -5.7890583437271701       -1.4807973532490601        346.79783503468531        28393083.565072589     
   103.63734951101770        4.4042112954802839       -5.7441885247790792       -1.3399772292987953        354.52145208555919        31999740.728712138     
   103.98396272008465        3.7579194244373384       -5.8700044001743148       -2.1120849757369760        302.49753288159837        19015058.484213322     
   104.33057592915161        4.1616900470735603       -5.8944580539609097       -1.7327680068873494        334.99945838943745        19550936.584815081     
   104.67718913821855        4.2148494709979243       -5.9046737110786713       -1.6898242400807466        339.27858009757119        18320709.410669591     
   105.02380234728550        4.0922075134065476       -5.7568318312825708       -1.6646243178760232        329.40639141840182        28267456.632381976     
   105.37041555635246        4.0586602326555203       -5.8538499463536837       -1.7951897136981629        326.70596905274891        21565646.810267478     
   105.71702876541940        4.2619837637870219       -5.8529020011556581       -1.5909182373686368        343.07270276824443        24207388.990556046     
   106.06364197448634        4.5931149414795227       -5.9558235179931689       -1.3627085765136469        369.72744253216501        21052979.584696684     
   106.41025518355329        4.3967107611494693       -5.7789080614128814       -1.3821973002634123        353.91768897248903        30027260.351199858     
   106.75686839262025        4.3425749919122945       -5.8265169501322118       -1.4839419582199176        349.55997535883307        27540104.600709736     
   107.10348160168719        4.1099230112266074       -5.8036297180817504       -1.6937067068551430        330.83241837083960        27048347.912095524     
   107.45009481075414        3.8611528422454477       -5.8462613066211286       -1.9851084643756809        310.80741147953137        20456891.224529143     
   107.79670801982110        4.1795840177457197       -5.7220662228571308       -1.5424822051114109        336.43985169499496        31587658.651537888     
   108.14332122888804        3.8982581773041773       -5.7734034737876625       -1.8751452964834849        313.79424303292245        25568309.074331451     
   108.48993443795499        4.2508920849945664       -5.8778890153200578       -1.6269969303254910        342.17986684195648        20566560.356193129     
   108.83654764702194        4.6774951048692213       -5.8373298185798346       -1.1598347137106138        376.51970930711104        27982785.619227275     
   109.18316085608889        4.1393349417580181       -5.7539547119234316       -1.6146197701654135        333.19996152921078        31113288.079979651     
   109.52977406515583        4.2953153324468722       -5.7759877128704744       -1.4806723804236015        345.75576117048467        29175482.319461219     
   109.87638727422278        3.9306793414570529       -5.8654771946454582       -1.9347978531884051        316.40401750163994        19273597.202703241     
   110.22300048328974        3.8498033135456069       -5.6584841371663641       -1.8086808236207574        309.89381966360656        30317495.473897062     
   110.56961369235668        4.0713092328483373       -5.8783085861346898       -1.8069993532863524        327.72416314357054        20038590.983626682     
   110.91622690142363        4.0384015304252543       -5.9023005787958862       -1.8638990483706319        325.07522428366542        16703727.306281993     
   111.26284011049059        4.0912729448237108       -5.9501061453487987       -1.8588332005250880        329.33116237310128        16109336.725772103     
   111.60945331955753        3.9170251113342038       -5.9343034340322447       -2.0172783226980409        315.30490640875695        17484650.007513884     
   111.95606652862446        4.1577236685269838       -5.9626692061704372       -1.8049455376434540        334.68018072823708        18763225.324105054     
   112.30267973769142        4.2137542609527223       -5.8524298944084956       -1.6386756334557735        339.19042005494060        21035109.919207633     
   112.64929294675837        3.9676943569009340       -5.9646201030540906       -1.9969257461531569        319.38357868609103        13525037.251495792     
   112.99590615582532        3.7123064663476204       -5.7608926216502887       -2.0485861553026679        298.82587158948934        30742105.574493475     
   113.34251936489228        4.1401919334145969       -5.9821070877785649       -1.8419151543639687        333.26894594120472        18182995.692222264     
   113.68913257395921        4.0062614722308574       -6.0202060911127164       -2.0139446188818590        322.48807772398845        9126027.3604831602     
   114.03574578302616        3.8883354169359023       -5.9046445345199023       -2.0163091175840004        312.99550037993754        15289903.134101650     
   114.38235899209312        3.6142917198315754       -5.8157113912168290       -2.2014196713852532        290.93607522655685        20337117.371307909     
   114.72897220116008        4.4842874489323314       -5.8960486917010408       -1.4117612427687092        360.96726321827646        23476117.378456470     
   115.07558541022702        4.2795998987889341       -5.8424272535289088       -1.5628273547399747        344.49073140992704        26074387.591775816     
   115.42219861929395        4.2055934511762780       -5.9120332673415046       -1.7064398161652263        338.53350740065713        21646808.140068926     
   115.76881182836091        4.1011666413007495       -5.8412848782959790       -1.7401182369952291        330.12756549870363        29254176.627415758     
   116.11542503742785        4.3784553861681452       -5.8755887953669994       -1.4971334091988544        352.44820406076673        28712988.968741514     
   116.46203824649481        4.5214988851926297       -6.0027995926201339       -1.4813007074275037        363.96263549542596        21114906.779689912     
   116.80865145556177        4.4049871454562206       -5.8446865297231794       -1.4396993842669590        354.58390491572931        32663337.177408580     
   117.15526466462870        4.1792237284744314       -5.8116337402142433       -1.6324100117398115        336.41084984493403        28506114.088958953     
   117.50187787369565        3.9500037478153938       -5.8749181552809278       -1.9249144074655338        317.95955517756414        23826010.097193606     
   117.84849108276261        4.5017573669637247       -5.9379580479554406       -1.4362006809917156        362.37352197672004        22567559.200617064     
   118.19510429182955        4.0919676510485399       -5.9334836341088879       -1.8415159830603487        329.38708345478324        20008304.517796196     
   118.54171750089651        4.3652133099127530       -5.8378515778426667       -1.4726382679299137        351.38226971118024        30378022.818723258     
   118.88833070996347        4.0607089593175978       -5.9493539556994870       -1.8886449963818890        326.87088338188465        24410333.752501816     
   119.23494391903040        4.4509091457078789       -5.9022514183503976       -1.4513422726425185        358.28044286989115        29492789.633938938     
   119.58155712809734        4.2486729594588279       -5.8867199793894978       -1.6380470199306696        342.00123608277886        29025485.085504387     
   119.92817033716430        4.1945269532736891       -5.8767953581475121       -1.6822684048738237        337.64269843562090        27233782.483391371     
   120.27478354623126        4.1552251708391754       -5.9303990145550003       -1.7751738437158247        334.47906162452307        25689023.896677852     
   120.62139675529821        3.9299684677902005       -5.8861827691096877       -1.9562143013194875        316.34679500532587        27175941.584983274     
   120.96800996436514        3.9448147489364604       -5.9301927466124207       -1.9853779976759602        317.54186145353282        27330123.147157725     
   121.31462317343210        3.9817465528403919       -5.7577745522163024       -1.7760279993759107        320.51472444073727        42483464.721492648     
   121.66123638249904        4.2887085384128163       -5.8247925757771428       -1.5360840373643263        345.22394058844594        37278515.717718363     
   122.00784959156600        4.1312320965977047       -6.0174571625611595       -1.8862250659634547        332.54771479545246        22735576.835118614     
   122.35446280063296        3.8745744302221601       -5.9310297846107662       -2.0564553543886057        311.88779580706830        25192834.974877425     
   122.70107600969989        4.2749204451924596       -5.9801007136679409       -1.7051802684754815        344.11405404985311        22555994.542858049     
   123.04768921876683        4.0642161676619173       -6.0808556812703261       -2.0166395136084092        327.15319967226577        15267070.703699268     
   123.39430242783379        4.1571370846619491       -6.0310625181462187       -1.8739254334842694        334.63296306549341        20603179.630839340     
   123.74091563690074        4.4014005543877053       -5.9333535508260278       -1.5319529964383229        354.29519863250619        30503397.696838487     
   124.08752884596770        4.0574310070616173       -5.9993837344725556       -1.9419527274109385        326.60702129269515        22969438.357725050     
   124.43414205503463        4.0998573692559894       -5.9309999056427269       -1.8311425363867369        330.02217431845764        26063064.084512480     
   124.78075526410159        3.9942786167124376       -5.9446143574667234       -1.9503357407542856        321.52350562389847        22728529.107431326     
   125.12736847316853        4.1686580724613593       -5.9787046582944150       -1.8100465858330548        335.56035665541913        23275411.108761758     
   125.47398168223549        4.1405837551634370       -5.8707811270371728       -1.7301973718737356        333.30048603000557        33705943.380021729     
   125.82059489130245        3.9337590388157482       -5.8693042361808390       -1.9355451973650910        316.65192086193264        32820179.506520223     
   126.16720810036936        4.0545625580658919       -5.7949311834439579       -1.7403686253780661        326.37612258348895        39013830.750329018     
   126.51382130943632        4.3319643956687619       -5.8561014675444119       -1.5241370718756495        348.70586465991835        33661603.634438299     
   126.86043451850328        4.1746846212091935       -6.0072049947151047       -1.8325203735059112        336.04546980504006        21789175.689583965     
   127.20704772757023        4.1444966493924387       -5.9343156015927132       -1.7898189522002748        333.61545841685421        27016206.874293528     
   127.55366093663719        4.0615071825625986       -5.9991016013333329       -1.9375944187707341        326.93513717102428        21164047.560208637     
   127.90027414570412        4.3421615992722336       -5.9090304666995310       -1.5668688674272979        349.52669889928029        32219453.586528074     
   128.24688735477108        3.8676438255443961       -5.9085215626583656       -2.0408777371139695        311.32990975906841        29546483.029799819     
   128.59350056383803        4.4343924897081246       -5.8772067443379852       -1.4428142546298603        356.95091790485606        35705602.709909774     
   128.94011377290497        4.2823396618841567       -5.9547936455464665       -1.6724539836623098        344.71127141714362        27724089.387395363     
   129.28672698197192        4.2285098052472563       -5.9690697503955299       -1.7405599451482736        340.37818254830222        27199539.557576396     
   129.63334019103885        3.9446643634922034       -6.1255495251794656       -2.1808851616872622        317.52975602477534        10679872.120109532     
   129.97995340010581        4.1766700567209467       -5.9539898008893388       -1.7773197441683923        336.20528944888213        22089259.205395184     
   130.32656660917277        4.2763062240203542       -6.0093256809284981       -1.7330194569081439        344.22560372115043        20826147.535712682     
   130.67317981823973        4.2997874239374614       -5.9345120872416244       -1.6347246633041630        346.11574670767493        25659465.129330505     
   131.01979302730666        4.3903713011750574       -5.9976966276407406       -1.6073253264656828        353.40738771653588        25459016.394401290     
   131.36640623637359        4.2533328155858632       -5.9992324308373144       -1.7458996152514517        342.37633592468740        22713629.233734816     
   131.71301944544055        4.1321928778288743       -5.9530098854055646       -1.8208170075766898        332.62505385444820        21356195.992017537     
   132.05963265450751        4.6299610996448664       -6.1145994369654808       -1.4846383373206145        372.69341137883629        12416878.780008378     
   132.40624586357447        4.1174759154929941       -6.0298607536734519       -1.9123848381804582        331.44039705495283        13358879.387382085     
   132.75285907264143        3.9307186647449233       -6.0027373916609443       -2.0720187269160215        316.40718286955286        11362072.693268349     
   133.09947228170836        3.9910011248870716       -5.9928750558014316       -2.0018739309143605        321.25968059753797        15258720.418778526     
   133.44608549077529        4.2086475460430135       -5.8857536232137928       -1.6771060771707798        338.77934986241036        23606605.924878862     
   133.79269869984225        4.1434124213163805       -5.9067982117448574       -1.7633857904284769        333.52818237896054        24944746.181515288     
   134.13931190890921        4.2502183293162705       -5.9522788936503224       -1.7020605643340521        342.12563219575196        26116497.416578773     
   134.48592511797617        4.2944108829100074       -5.9412456038631980       -1.6468347209531911        345.68295658831647        26911689.274068419     
   134.83253832704310        4.0356827407368545       -5.9223444993244074       -1.8866617585875534        324.85637255208843        25665184.921516865     
   135.17915153611006        4.2735043386522023       -5.8848875199409960       -1.6113831812887935        344.00006311861074        28489785.097460743     
   135.52576474517699        4.4912878097169111       -5.8420158837633425       -1.3507280740464314        361.53076435479528        32900757.984354716     
   135.87237795424394        4.2120472297646590       -5.6826633744633623       -1.4706161446987032        339.05301084930852        39760391.894077949     
   136.21899116331090        4.2917287376047675       -5.7796944648638293       -1.4879657272590616        345.46705458350266        32501179.170369990     
   136.56560437237783        4.3437833387123739       -5.8282202042726663       -1.4844368655602926        349.65724245921643        28804655.771179557     
   136.91221758144479        4.1162688079228698       -5.7836325319806647       -1.6673637240577950        331.34322970764072        30295048.591754410     
   137.25883079051175        4.1508204901174635       -5.7927617032753442       -1.6419412131578801        334.12450238549724        30050785.345792554     
   137.60544399957871        4.2415051266674872       -5.5582539642278652       -1.3167488375603777        341.42425411733586        43911491.706191935     
   137.95205720864564        4.1573019756592799       -5.6863553701054013       -1.5290533944461213        334.64623613344759        35330852.182837263     
   138.29867041771257        3.6863373068505969       -5.8769590388521884       -2.1906217320015919        296.73545777492637        21519931.363701154     
   138.64528362677953        4.2478599420586312       -5.8002857416384730       -1.5524257995798416        341.93579142312228        33052659.951247904     
   138.99189683584649        3.9330262615687586       -5.7930576225032047       -1.8600313609344465        316.59293521473529        36112840.764394000     
   139.33851004491345        4.1385591529523822       -5.7315842634818983       -1.5930251105295168        333.13751362300616        41911108.492772475     
   139.68512325398041        3.9246315484218033       -5.8063485559017263       -1.8817170074799234        315.91719427157153        33136046.459850639     
   140.03173646304734        4.2728211850708631       -5.8642658811183752       -1.5914446960475119        343.94507197867563        29809579.642774820     
   140.37834967211427        4.5329644533478550       -5.9166796453241188       -1.3837151919762640        364.88556802492286        26376496.075011950     
   140.72496288118123        4.0458455181161215       -5.8397614197457708       -1.7939159016296489        325.67443561764060        29438023.817895606     
   141.07157609024819        4.1621109248363988       -5.7511926582421751       -1.5890817334057761        335.03333737153474        37660237.989219457     
   141.41818929931515        4.4501000333765397       -5.6721397828533764       -1.2220397494768362        358.21531255271020        45122265.325060189     
   141.76480250838208        4.2416180105039016       -5.7048677650152522       -1.4632497545113505        341.43334081616064        40378712.527167149     
   142.11141571744903        3.9646774455846097       -5.7853668890348890       -1.8206894434502796        319.14072935191530        30415413.305705659     
   142.45802892651596        3.8602040790770453       -5.9441915332237061       -2.0839874541466608        310.73103982667885        17454794.957385045     
   142.80464213558292        4.5220625953988760       -5.9496360932607439       -1.4275734978618675        364.00801191982208        19415746.594737332     
   143.15125534464988        4.0966906439754469       -5.9865634261523013       -1.8898727821768542        329.76726555738924        15962989.302179711     
   143.49786855371681        3.9760043291061327       -5.8636339738243795       -1.8876296447182468        320.05249832125958        23806065.063390873     
   143.84448176278377        4.2012791576408768       -5.9336816110869739       -1.7324024534460967        338.18622396980470        20013618.407530081     
   144.19109497185073        4.1810154386058187       -5.9034971914896071       -1.7224817528837890        336.55507536793465        21715781.121961661     
   144.53770818091766        4.2456775297344462       -5.7195998102559980       -1.4739222805215519        341.76011593111906        35326520.668747462     
   144.88432138998462        4.1125750872008995       -5.8864607692080604       -1.7738856820071607        331.04589991438235        23228275.370539073     
   145.23093459905155        4.0937626577050183       -5.9339396056557536       -1.8401769479507348        329.53157433491225        18300029.916083120     
   145.57754780811851        4.0713716887568649       -5.9247761271266333       -1.8534044383697685        327.72919059522917        16839394.102786209     
   145.92416101718547        4.1582313953037486       -5.8752576417022553       -1.7170262463985064        334.72105070973555        22159808.050641779     
   146.27077422625243        4.2014374672426982       -5.9623796322660594       -1.7609421650233614        338.19896726165678        17297326.049599528     
   146.61738743531936        4.1785095987306891       -5.7280674132166949       -1.5495578144860054        336.35336524741064        29922958.843847696     
   146.96400064438629        3.8372641602063249       -5.7459198161536245       -1.9086556559472996        308.88446780659461        25574064.121825576     
   147.31061385345325        4.1111798036203124       -5.8088683109285313       -1.6976885073082186        330.93358514838360        22989207.457150143     
   147.65722706252021        4.0798812102644195       -5.7693235915186802       -1.6894423812542614        328.41417315374252        23824668.848401006     
   148.00384027158717        4.0971228965251028       -5.6691903390899778       -1.5720674425648744        329.80206016448022        31078742.500809044     
   148.35045348065412        4.4317821878866983       -5.7164300505786070       -1.2846478626919084        356.74079901408822        31923816.275223333     
   148.69706668972105        4.1054834595793945       -5.8607359455594068       -1.7552524859800125        330.47505216132242        17027866.374267802     
   149.04367989878799        3.9595835808489404       -5.8758766183881175       -1.9162930375391767        318.73069354716858        13309669.812248062     
   149.39029310785494        4.0108727360854397       -5.8244683048178647       -1.8135955687324250        322.85926608167557        15913356.983993035     
   149.73690631692190        3.9828442720638657       -5.9222797277575792       -1.9394354556937137        320.60308646221597        9535306.6296860147     
   150.08351952598886        3.9985982101888142       -5.8994851509574442       -1.9008869407686297        321.87121567887152        10878568.583319293     
   150.43013273505579        4.2458343418976154       -5.6093958999787610       -1.3635615580811453        341.77273868512918        31808457.941516917     
   150.77674594412275        3.9789241841298848       -5.7245658423482224       -1.7456416582183378        320.28753501079399        22574120.404487014     
   151.12335915318971        4.3258007847647963       -5.8375167239432288       -1.5117159391784321        348.20971855312132        19108194.167407244     
   151.46997236225664        4.0866736224402027       -5.7649198103718708       -1.6782461879316677        328.96093525623149        23334130.861449730     
   151.81658557132360        4.2707286117005641       -5.8331788330377830       -1.5624502213372189        343.77662816432104        18820401.040687297     
   152.16319878039053        4.5795323326810706       -5.8069876926237569       -1.2274553599426865        368.63409667038064        22243187.097062379     
   152.50981198945749        4.2244531921255124       -5.7279759590845538       -1.5035227669590407        340.05164136351715        24609370.836450279     
   152.85642519852445        4.3598689513416673       -5.6489326354996967       -1.2890636841580296        350.95207015126550        32239727.405112274     
   153.20303840759141        3.7959252355233701       -5.7517877088386165       -1.9558624733152463        305.55684916547801        21962989.676759347     
   153.54965161665834        4.0740302308681660       -5.6905722784639616       -1.6165420475957957        327.94319263702414        27493763.387982704     
   153.89626482572527        4.0642851999527103       -5.6847591793417873       -1.6204739793890774        327.15875649648029        30918792.221124437     
   154.24287803479223        4.1801491384911253       -5.8595866255817528       -1.6794374870906275        336.48534166217036        21906375.725925617     
   154.58949124385919        3.9957953964008501       -5.7758970086303094       -1.7801016122294597        321.64560034223808        24986451.576599222     
   154.93610445292614        4.1893541908481646       -5.6480772070126317       -1.4587230161644666        337.22631168136320        32106973.088181164     
   155.28271766199310        4.4205549015629355       -5.7949574314514800       -1.3744025298885447        355.83704722212366        26709552.540216818     
   155.62933087106003        3.8184724664255087       -5.8374261397661025       -2.0189536733405937        307.37181136952523        18534905.388841480     
   155.97594408012696        3.9381461847398049       -5.7581855704422784       -1.8200393857024730        317.00506861964902        25759973.019132297     
   156.32255728919392        4.0040709416022464       -5.9092911737807405       -1.9052202321784946        322.31174874084229        16971200.147366323     
   156.66917049826088        4.5165086060959760       -5.9947292013290578       -1.4782205952330820        363.56093792168031        18498009.395295415     
   157.01578370732784        3.8275321872760379       -5.8585698396546597       -2.0310376523786213        308.10108278180184        21918320.190263040     
   157.36239691639477        4.4046692442004183       -5.9136960349355565       -1.5090267907351380        354.55831513193698        20701614.788881190     
   157.70901012546173        4.1523575787479032       -5.7782033845048719       -1.6258458057569689        334.24823189270933        28161231.851755798     
   158.05562333452866        4.1540524489937045       -5.7791129930773302       -1.6250605440836257        334.38466219096830        28908486.714330141     
   158.40223654359562        3.9010984593946647       -5.7336578842032031       -1.8325594248085384        314.02287441854321        25273729.315949231     
   158.74884975266258        4.2931135955864299       -5.8673831711546161       -1.5742695755681857        345.57853013034924        18266713.848366577     
   159.09546296172951        4.2758921498116553       -5.8164670943843078       -1.5405749445726520        344.19227239803934        23792369.674954418     
   159.44207617079647        3.7754286818183256       -5.9852533515397992       -2.2098246697214732        303.90695830085957        10248900.596954329     
   159.78868937986343        4.1845655211722006       -5.8674947394410832       -1.6829292182688826        336.84084286227557        23092820.416724063     
   160.13530258893036        4.2712446404005506       -5.9209277920556049       -1.6496831516550547        343.81816641754358        22905599.211724654     
   160.48191579799732        4.0788058640875038       -5.8195488438361709       -1.7407429797486675        328.32761207332248        30964345.890153699     
   160.82852900706425        3.8922159380131589       -5.8561749875596316       -1.9639590495464725        313.30786685712479        26523398.100368191     
   161.17514221613121        4.3929382690984387       -5.8614768054715753       -1.4685385363731365        353.61401840125990        28873927.865687840     
   161.52175542519817        3.9012737552619798       -5.8262544093489685       -1.9249806540869885        314.03698503705255        28882027.458441995     
   161.86836863426512        4.0117569803695279       -5.8041574195572805       -1.7924004391877526        322.93044422154253        31213640.380313698     
   162.21498184333208        4.1417931019975658       -5.8870497080726345       -1.7452566060750694        333.39783362914335        27967743.963112220     
   162.56159505239899        4.2938928855360770       -6.0204510021558146       -1.7265581166197379        345.64125986468957        22030061.727147534     
   162.90820826146594        4.0635779027895609       -5.9575781310589457       -1.8940002282693844        327.10182189445675        26336968.110267926     
   163.25482147053290        4.4337033002011959       -5.8713574719739237       -1.4376541717727274        356.89544089697290        32166985.772648502     
   163.60143467959986        4.0523326080828337       -5.9749002562456681       -1.9225676481628342        326.19662049945327        20134212.690008741     
   163.94804788866682        4.2939255859496681       -6.0642499295274304       -1.7703243435777618        345.64389211762489        14854029.689011510     
   164.29466109773375        3.7231154458674394       -6.0573544089394327       -2.3342389630719929        299.69595135129862        8322702.5296723237     
   164.64127430680071        4.2765963183207338       -5.9894619882025326       -1.7128656698817994        344.24895515588236        17917669.071687728     
   164.98788751586764        3.8273068064011508       -6.0301891923984057       -2.2028823859972544        308.08294051984467        13116290.538259728     
   165.33450072493460        4.4677672901013361       -5.7566811109489775       -1.2889138208476412        359.63745628929041        34305062.192064039     
   165.68111393400156        3.9361970885533606       -5.8102271335629618       -1.8740300450096012        316.84817414662911        28609196.212685786     
   166.02772714306849        3.8910492645850909       -5.9759765376493643       -2.0849272730642729        313.21395429705927        18744264.989211388     
   166.37434035213545        4.0403168140400361       -5.8586405072483281       -1.8183236932082916        325.22939697945890        25477160.342523769     
   166.72095356120241        4.2397455887801376       -5.8366018146109422       -1.5968562258308052        341.28261833172701        28321922.128525551     
   167.06756677026934        4.5793724290198545       -5.8226255055885252       -1.2432530765686702        368.62122506310192        29881642.785516262     
   167.41417997933630        3.8788080173882959       -5.9594532568959258       -2.0806452395076303        312.22858269692745        17233519.071664821     
   167.76079318840323        3.9926940277630361       -5.9351083005069611       -1.9424142727439253        321.39595253036794        21068170.181553677     
   168.10740639747019        3.9102121085759411       -5.9599007179146142       -2.0496886093386730        314.75648684646194        18468785.699035127     
   168.45401960653714        4.2583687179192085       -5.9037280475499818       -1.6453593296307736        342.78170598711171        25418541.567199301     
   168.80063281560410        4.0117598417403668       -5.6803044428989056       -1.6685446011585392        322.93067455048833        39395177.745362796     
   169.14724602467103        3.9321001447207724       -5.7867242817710167       -1.8546241370502448        316.51838650039775        31159616.766335443     
   169.49385923373796        4.1491948568561012       -5.7852838523913812       -1.6360889955352795        333.99364538847527        31763185.806139965     
   169.84047244280492        3.8414534894481212       -5.9386438683942906       -2.0971903789461699        309.22169210997680        14794003.865352724     
   170.18708565187188        4.3966684306624879       -5.8749107907480846       -1.4782423600855972        353.91428153703578        25740531.208294924     
   170.53369886093884        4.2536491733022386       -5.7197498206692350       -1.4661006473669964        342.40180145970908        34853075.986637518     
   170.88031207000580        3.9016227720321441       -5.8536052205848303       -1.9519824485526864        314.06507949571028        25218447.585511807     
   171.22692527907273        3.9609561326640246       -5.7988320791652628       -1.8378759465012380        318.84117849666353        29825569.761453826     
   171.57353848813966        4.4367361333185764       -5.8745797717255952       -1.4378436384070192        357.13957187266209        26029151.309396125     
   171.92015169720662        4.4576529895096222       -5.8822410923326816       -1.4245881028230594        358.82329541188562        25584607.848267809     
   172.26676490627358        4.4512062628360134       -5.9131773644637713       -1.4619711016277572        358.30435961426122        26735125.825524714     
   172.61337811534054        3.7225798687857559       -5.9926973560959880       -2.2701174873102321        299.65283953127829        16757861.235093173     
   172.95999132440747        4.3618116295212728       -5.9117576507408440       -1.5499460212195715        351.10844800031992        25755445.570745345     
   173.30660453347443        4.5169594842615366       -5.8598472995132544       -1.3428878152517179        363.59723181660132        26503428.963912010     
