  0.34661320906694887        4.4222681379335755       -2.9760031898605712        1.4462649480730043        355.97495592021642        48927295.754364796     
  0.69322641813389774        3.9978956785434701       -3.3731492567436092       0.62474642179986117        321.81466468203382        28226371.287923377     
   1.0398396272008466        4.4318867840664709       -3.4095723772284994        1.0223144068379717        356.74921858959169        25853913.833560240     
   1.3864528362677955        4.0221760870469589       -3.4231542170470974       0.59902186999986196        323.76914077375108        23127995.918936171     
   1.7330660453347442        4.0191509325556076       -3.5332596953284767       0.48589123722713079        323.52562789684674        19421713.049204919     
   2.0796792544016931        3.9458750800123954       -3.6579345302931321       0.28794054971926347        317.62721387818095        12642460.478007914     
   2.4262924634686422        4.1976523192557265       -3.6330710729576281       0.56458124629809858        337.89427793803674        14523901.129012294     
   2.7729056725355909        3.9322500936071862       -3.6018207704341147       0.33042932317307128        316.53045678798918        13906139.037846563     
   3.1195188816025397        4.2912121585305441       -3.5858595511483267       0.70535260738221728        345.42547202734812        16330086.765248038     
   3.4661320906694884        3.7937609135887338       -3.5411569118872008       0.25260400170153291        305.38262987771697        15093069.441852937     
   3.8127452997364375        4.6135027887341700       -3.6506257853406856       0.96287700339348459        371.36858296088008        13941763.148813395     
   4.1593585088033862        4.1111011379072293       -3.6763035175266423       0.43479762038058689        330.92725287207787        10837931.446636714     
   4.5059717178703353        4.0938622682399650       -3.5871581199045934       0.50670414833537147        329.53959258588230        13141749.109856766     
   4.8525849269372845        3.9710852705170447       -3.4530303727390415       0.51805489777800329        319.65653371445535        18412531.730250966     
   5.1991981360042328        4.1024122072005040       -3.4805288879948266       0.62188331920567730        330.22782858823848        19057158.706990603     
   5.5458113450711819        4.4074425520536513       -3.4772748346186861       0.93016771743496474        354.78155535844871        20638975.523646034     
   5.8924245541381302        4.1070954281545546       -3.3588531776359285       0.74824225051862570        330.60480920557882        23373209.594743900     
   6.2390377632050793        3.9927167560764660       -3.4369722873959581       0.55574446868050775        321.39778206899365        21916407.724968161     
   6.5856509722720284        4.1965815896122125       -3.6314392179511965       0.56514237166101622        337.80808847015192        14047480.992220856     
   6.9322641813389767        4.0366886950759859       -3.6886749087910826       0.34801378628490365        324.93734786619444        11612593.624308884     
   7.2788773904059259        3.9391523370129549       -3.7250057117608830       0.21414662525207168        317.08605986665441        7750993.9925669739     
   7.6254905994728750        4.1873128138920750       -3.7651723733411577       0.42214044055091765        337.06198897426015        6997242.1845183847     
   7.9721038085398241        3.9885555879052887       -3.6154598752527254       0.37309571265256325        321.06282461953339        12390997.101439577     
   8.3187170176067724        4.6960727932787023       -3.5318146991598005        1.1642580941189018        378.01513916491126        17513047.153396383     
   8.6653302266737207        4.4194052781966429       -3.5832190727245026       0.83618620547214029        355.74450712406167        13445676.131902354     
   9.0119434357406707        3.7985585612683508       -3.7701859446253301        2.8372616643020852E-002   305.76882139030812        4627656.0987661639     
   9.3585566448076190        4.6672497973716727       -3.6186376947617074        1.0486121026099648        375.69500289604002        15430730.658456219     
   9.7051698538745690        4.1105265410006018       -3.7242887727764522       0.38623776822414962        330.88100011170053        6652630.9774057465     
   10.051783062941515        4.0005549699486638       -3.6225638027385401       0.37799116721012427        322.02872703900005        10339688.134251317     
   10.398396272008466        4.0718148902433384       -3.5559486946973755       0.51586619554596314        327.76486654808645        14793063.238329791     
   10.745009481075414        4.1291583347487011       -3.7259934076590393       0.40316492708966190        332.38078523357086        8511429.2842323575     
   11.091622690142364        4.1023657000520339       -3.6328676674014861       0.46949803265054740        330.22408494818535        10128912.236194639     
   11.438235899209312        4.2493614608922492       -3.6130654346586000       0.63629602623364967        342.05665770348770        13084356.789347364     
   11.784849108276260        4.2247679139141905       -3.5973621242848801       0.62740578962930993        340.07697521288071        11995456.638477493     
   12.131462317343209        4.4681083481925254       -3.6752413455535549       0.79286700263897081        359.66491010601760        10556123.098497301     
   12.478075526410159        4.1095985531262968       -3.6596290108849305       0.44996954224136593        330.80630078720304        9963676.7365552466     
   12.824688735477107        4.3772090351055475       -3.6631718564236850       0.71403717868186278        352.34787776875299        11926643.251800599     
   13.171301944544057        4.3744898948103357       -3.7333797806090252       0.64111011420131081        352.12899781472532        8351528.1670022281     
   13.517915153611005        4.0851011398832808       -3.6306866503195234       0.45441448956375685        328.83435667903393        9699723.7389821801     
   13.864528362677953        3.9207326645135923       -3.5921516579732926       0.32858100654029965        315.60334965969503        11321340.178800937     
   14.211141571744902        4.4773938312408843       -3.6561030364273366       0.82129079481354816        360.41235447522808        10194502.709553903     
   14.557754780811852        4.0214921500606913       -3.5372513548587472       0.48424079520194424        323.71408657284218        12520608.583514515     
   14.904367989878800        4.2104062793496331       -3.5778970659968667       0.63250921335276666        338.92092088247790        12453062.824167365     
   15.250981198945750        4.1466416145603979       -3.5241721876153815       0.62246942694501661        333.78811956206272        13698705.086235527     
   15.597594408012698        3.5113958363273072       -3.6931913124011708      -0.18179547607386329        282.65336679451707        3733220.7179905865     
   15.944207617079648        4.0368491294299700       -3.7220900276448265       0.31475910178514327        324.95026219212536        6993469.3241591211     
   16.290820826146597        4.2473771535136562       -3.6725695423454372       0.57480761116821844        341.89692886986768        11583130.049118141     
   16.637434035213545        4.2925254165984867       -3.6326421491029302       0.65988326749555637        345.53118406657018        11800008.446345894     
   16.984047244280493        3.7595478799352922       -3.6324033366236179       0.12714454331167438        302.62861705741523        8471104.0089932680     
   17.330660453347441        4.5643295361931742       -3.6138049058517359       0.95052463034143819        367.41033215840520        14256221.820652757     
   17.677273662414393        4.0338481256214882       -3.5989339611539370       0.43491416446755149        324.70869334891643        12082844.729968177     
   18.023886871481341        4.0182762292271326       -3.6860944762823018       0.33218175294483043        323.45521776587196        8482573.1958050504     
   18.370500080548286        4.1331661578956878       -3.6499155106214829       0.48325064727420508        332.70339901988717        11327829.542704141     
   18.717113289615238        4.3943334547247321       -3.5056822753213011       0.88865117940343064        353.72632528232845        18778899.413254388     
   19.063726498682186        3.9790761464293984       -3.5105957663129130       0.46848038011648563        320.29976737011367        17490298.242163949     
   19.410339707749138        3.8972834470198303       -3.5304147924326914       0.36686865458713896        313.71578113075327        15169523.537741676     
   19.756952916816083        4.0539996621250678       -3.5996900040999074       0.45430965802516032        326.33081170421320        12041838.658797322     
   20.103566125883031        4.2555404884828905       -3.6553491215350160       0.60019136694787412        342.55404479210421        10690203.210636428     
   20.450179334949983        4.1532996546077419       -3.7322083118447131       0.42109134276302890        334.32406524388108        5699288.8985462375     
   20.796792544016931        4.2278982566931385       -3.5485034699697415       0.67939478672339648        340.32895532760790        12945477.353971157     
   21.143405753083879        4.2430296384816373       -3.6472006495113454       0.59582898897029202        341.54697124097356        9396516.9423893634     
   21.490018962150828        4.1373826214152780       -3.5986808223372169       0.53870179907806126        333.04280752446209        12821463.333135216     
   21.836632171217776        4.2504059855997527       -3.5426485089286071       0.70775747667114519        342.14073777848847        17852661.656153787     
   22.183245380284728        3.8436581059108721       -3.5578651446209011       0.28579296128997111        309.39915494661869        14289142.492636779     
   22.529858589351676        4.2286906548667087       -3.6294597262265724       0.59923092864013594        340.39274022171878        10885812.261765972     
   22.876471798418624        4.1808128172451431       -3.6388963913440531       0.54191642590108979        336.53876515614172        11772197.556280304     
   23.223085007485572        4.0561991241263566       -3.5197036321906041       0.53649549193575297        326.50785962725553        16648810.115241881     
   23.569698216552521        4.5620681060071373       -3.6087748790127563       0.95329322699438102        367.22829604352432        15312672.762723526     
   23.916311425619472        4.4718959242060743       -3.6160087532768035       0.85588717092927136        359.96979487609798        13711309.277944354     
   24.262924634686417        4.0967532363193477       -3.6091531656215987       0.48760007069774863        329.77230399155155        11491419.260216104     
   24.609537843753369        4.1489994177093452       -3.5959475022051861       0.55305191550415911        333.97791331627121        9958736.9198577963     
   24.956151052820317        4.3897965125769671       -3.5561707651838379       0.83362574739312967        353.36111952575988        12923362.564779786     
   25.302764261887265        4.0235888565087938       -3.5278845950048390       0.49570426150395441        323.88286308348353        13393563.194337128     
   25.649377470954214        4.5073338269063212       -3.5167643524737011       0.99056947443262000        362.82240477177925        17588402.653226618     
   25.995990680021162        4.0130601258176810       -3.4973578082324046       0.51570231758527629        323.03534223518506        15486843.295204680     
   26.342603889088114        3.9802054733910834       -3.5231856854752253       0.45701978791585812        320.39067368851545        13769274.684977183     
   26.689217098155062        4.2953795693680146       -3.5416591175516685       0.75372045181634595        345.76093198655883        15110522.948839759     
   27.035830307222010        3.9432870219280849       -3.5221090050054134       0.42117801692267165        317.41888551957720        14140138.188285584     
   27.382443516288959        4.2402912380191182       -3.5796074046918402       0.66068383332727765        341.32654092025746        14125758.238860281     
   27.729056725355907        4.1690236562976262       -3.5093256698342739       0.65969798646335220        335.58978469685422        17494779.038143039     
   28.075669934422855        3.9005016176282221       -3.6262275105673298       0.27427410706089239        313.97483103562882        9411305.0159356892     
   28.422283143489803        4.0473456052492001       -3.6078470955531752       0.43949850969602500        325.79518665182002        12209718.725704655     
   28.768896352556755        4.5243134710738548       -3.5792125897335860       0.94510088134026882        364.18919843863796        15951141.484800549     
   29.115509561623703        3.8334723420522656       -3.6016587873476986       0.23181355470456727        308.57924156111437        11356182.087082706     
   29.462122770690652        3.9951576054119045       -3.6122478109822524       0.38290979442965217        321.59426071015457        10587398.043552795     
   29.808735979757600        4.3176101793460351       -3.6930911678041243       0.62451901154191070        347.55040746841036        9599306.5907189641     
   30.155349188824552        3.7654298404729345       -3.6364807383983524       0.12894910207458221        303.10209143251046        10202799.184230123     
   30.501962397891500        4.1270074507712726       -3.5461674810929193       0.58083996967835272        332.20764764779511        14317251.395647161     
   30.848575606958448        3.8754599724478420       -3.5199727106463139       0.35548726180152779        311.95907842605931        14068380.850999966     
   31.195188816025397        4.0915470523969262       -3.6134227169102333       0.47812433548669253        329.35322694002690        10917171.639473349     
   31.541802025092341        4.3291993246461713       -3.6447662528023375       0.68443307184383373        348.48328746543757        9845299.3667456713     
   31.888415234159297        4.2396422234041617       -3.6568316484472159       0.58281057495694599        341.27429783102264        9357711.3446816411     
   32.235028443226241        4.1784545686216523       -3.5799610624883456       0.59849350613330665        336.34893554300834        12496744.238805259     
   32.581641652293193        3.9395681295230980       -3.5408101407130146       0.39875798881008345        317.11952950618183        13011853.743123170     
   32.928254861360138        4.1451160310931803       -3.6660915300320571       0.47902450106112332        333.66531617462516        9994277.1483285688     
   33.274868070427090        4.3195421901705897       -3.6527569033819751       0.66678528678861482        347.70592663790825        12574467.465296805     
   33.621481279494041        4.2761026625392384       -3.7422400213831759       0.53386264115606241        344.20921783340975        8933486.1810479574     
   33.968094488560986        4.2044631364449261       -3.7720607687196264       0.43240236772529989        338.44252157073481        6257539.1319336109     
   34.314707697627938        4.3555040974472456       -3.6678105418332270       0.68769355561401879        350.60071681306852        10813418.784425413     
   34.661320906694883        4.1357233828463400       -3.4972955990446892       0.63842778380165055        332.90924543414638        13666828.949308779     
   35.007934115761834        3.9869387814084103       -3.5172230956103760       0.46971568579803458        320.93267814186487        11678637.279500870     
   35.354547324828786        3.8330810576056926       -3.4912108061074663       0.34187025149822647        308.54774472300397        10794154.317716153     
   35.701160533895731        3.8332918922160486       -3.4868830195385283       0.34640887267752013        308.56471606865449        11194531.900338642     
   36.047773742962683        3.8551839157623191       -3.5275455788209116       0.32763833694140759        310.32693669251046        10065459.790035056     
   36.394386952029627        3.9031065889002754       -3.6297550829796799       0.27335150592059526        314.18452083842215        6484065.5425414778     
   36.741000161096572        4.4179183863455203       -3.5139084602203630       0.90400992612515774        355.62481825747727        12139425.246756084     
   37.087613370163531        4.5040010622911524       -3.5002754426467653        1.0037256196443864        362.55413050618216        14988891.018054754     
   37.434226579230476        4.4475078470546769       -3.5736998872320678       0.87380795982260873        358.00665188744046        9813953.4511924200     
   37.780839788297428        4.1752215587288797       -3.5664676392397068       0.60875391948917312        336.08869113489629        6521850.2539115231     
   38.127452997364372        3.9363057076192436       -3.6031919410842801       0.33311376653496361        316.85691754842742        5138672.2062665327     
   38.474066206431317        4.0248685001391094       -3.5434135310186492       0.48145496912045982        323.98586929447913        9618406.1154038161     
   38.820679415498276        3.9944700523612298       -3.6084824979954995       0.38598755436573057        321.53891543047621        4945667.7112741377     
   39.167292624565221        4.3342340444992864       -3.5621671318316528       0.77206691266763383        348.88856234291728        9328416.5138012860     
   39.513905833632165        4.4167139603307568       -3.5175049588795071       0.89920900145124927        355.52786676468173        12241208.418343160     
   39.860519042699117        4.1967761507986463       -3.6054266366219929       0.59134951417665393        337.82374987004999        7756090.9567036238     
   40.207132251766062        4.0382331065565271       -3.5953735798735158       0.44285952668301176        325.06166683364745        5898918.6824062821     
   40.553745460833021        4.3703979261112096       -3.5826971757975885       0.78770075031362119        351.79961064690451        8049016.7153165517     
   40.900358669899965        4.1988960685029069       -3.6715112184470797       0.52738485005582736        337.99439479428139        4860344.2616479723     
   41.246971878966910        4.2584579730150045       -3.6689778122528374       0.58948016076216680        342.78889066651163        5828993.9733187743     
   41.593585088033862        4.2654295625721375       -3.6200189191618422       0.64541064341029541        343.35007583391626        8381767.8370263074     
   41.940198297100807        4.6848253969963274       -3.6450626044204957        1.0397627925758322        377.10976860144598        8268715.9787819572     
   42.286811506167759        3.9081524697328613       -3.6335055805697700       0.27464688916309155        314.59069413025651        5560830.3733607354     
   42.633424715234710        4.2076866444773797       -3.5825585452639626       0.62512809921341672        338.70200111696994        8572122.2525907047     
   42.980037924301655        3.8754090597896007       -3.4714483244837324       0.40396073530586829        311.95498016003205        12356073.999490406     
   43.326651133368607        4.4606545642182525       -3.5239440493566718       0.93671051486158063        359.06491021028074        12773326.344854530     
   43.673264342435552        4.1590321687119571       -3.5401637029916833       0.61886846572027387        334.78550977684722        11023095.745575706     
   44.019877551502503        4.1144892819475700       -3.5365638201941003       0.57792546175346982        331.19998496063357        10049777.644301258     
   44.366490760569455        3.9593829454923060       -3.5731345760720963       0.38624836942020990        318.71454320078379        8996185.7655953933     
   44.713103969636400        4.1702692218222808       -3.5862186380463581       0.58405058377592300        335.69004775619504        11028836.067062922     
   45.059717178703352        4.1163772967591017       -3.6580604537077588       0.45831684305134263        331.35196262647128        8188055.7760785921     
   45.406330387770296        3.7767315633841951       -3.6306700325668344       0.14606153081736073        304.01183507303028        8499488.9094232656     
   45.752943596837248        4.4919517742626782       -3.6585315727996526       0.83342020146302576        361.58421085386317        10328501.543879110     
   46.099556805904200        4.1793023942187455       -3.6702735707910379       0.50902882342770805        336.41718212375378        8041734.4611023031     
   46.446170014971145        3.8444980923003049       -3.6493656759362487       0.19513241636405626        309.46677050239811        6986044.1308025001     
   46.792783224038089        4.2005434379837352       -3.6625329335936612       0.53801050439007370        338.12700147031978        9276319.4642533120     
   47.139396433105041        3.8528246719618600       -3.6470080292013263       0.20581664276053396        310.13702697159835        8550933.5502497908     
   47.486009642171993        4.1273964073951284       -3.6698143783005972       0.45758202909453133        332.23895710545662        9090766.5603076313     
   47.832622851238945        4.2389650091481696       -3.6919582007536755       0.54700680839449389        341.21978478310103        7238208.7825294007     
   48.179236060305890        3.8564495537752763       -3.6466726814289609       0.20977687234631542        310.42881550714156        7647204.0542554474     
   48.525849269372834        4.0715810778629198       -3.6706419273183286       0.40093915054459150        327.74604558354594        6748063.9248123392     
   48.872462478439786        3.8462680996048704       -3.6001567928151097       0.24611130678976073        309.60924903435694        8675951.5726375673     
   49.219075687506738        4.2183304721021750       -3.5418999754284610       0.67643049667371358        339.55878680960080        10452375.089022202     
   49.565688896573683        4.1261302205809329       -3.5957319291916399       0.53039829138929273        332.13703411451360        9795238.2409936730     
   49.912302105640634        3.9676042754884935       -3.6330544401905209       0.33454983529797272        319.37632749149532        7723117.2618703265     
   50.258915314707579        3.7992349379345765       -3.6001434688046405       0.19909146912993564        305.82326701559253        6503908.4168832488     
   50.605528523774531        3.9853113190742837       -3.5603182742288264       0.42499304484545741        320.80167391177690        9470175.4342383277     
   50.952141732841483        4.0886737987372515       -3.5319212325698994       0.55675256616735236        329.12194147452635        10362145.560542708     
   51.298754941908427        3.9710566711891504       -3.6090993671057348       0.36195730408341553        319.65423158256988        6809930.4951411020     
   51.645368150975379        4.5672077932363342       -3.5595865108712532        1.0076212823650808        367.64202037633061        12774219.534922628     
   51.991981360042324        4.1996401583505474       -3.6389852486892629       0.56065490966128484        338.05429106073393        8938698.2762308195     
   52.338594569109276        4.0755736634171331       -3.7094303873841912       0.36614327603294178        328.06743280438792        7344931.1868138881     
   52.685207778176228        4.2735845863219515       -3.6453669090696148       0.62821767725233657        344.00652273612167        11948689.385119665     
   53.031820987243172        3.9596790815616458       -3.7885798627296476       0.17109921883199838        318.73838097383185        4767131.0898862071     
   53.378434196310124        4.0264393175402642       -3.7275659111837673       0.29887340635649706        324.11231383327549        9158616.6407005582     
   53.725047405377069        3.8411328345293394       -3.6808731708381588       0.16025966369118036        309.19588066729204        8262040.7340822639     
   54.071660614444021        4.0573803979336711       -3.6911825526818931       0.36619784525177784        326.60294745964660        6908044.9245403064     
   54.418273823510972        3.9469350901305069       -3.6759810725040145       0.27095401762649240        317.71254046700381        7049360.4092797590     
   54.764887032577917        4.1971790699723588       -3.6286550276532763       0.56852404231908249        337.85618325731366        10294420.627433140     
   55.111500241644869        3.6118675357429648       -3.6175608133172128       -5.6932775742476677E-003   290.74093807133028        6335983.2029226460     
   55.458113450711814        4.4875049333228443       -3.4556710429118698        1.0318338904109747        361.22625788534839        18996729.598529730     
   55.804726659778765        4.5910458801528442       -3.5325673897007213        1.0584784904521227        369.56089134359217        15268939.570010189     
   56.151339868845710        4.3305763658952845       -3.6292079037335934       0.70136846216169091        348.59413379647492        10886592.902926791     
   56.497953077912662        3.9768494234088547       -3.5410167592780106       0.43583266413084426        320.12052504369626        13173033.902075531     
   56.844566286979607        4.0370101179709899       -3.5450922531032827       0.49191786486770683        324.96322112790352        12016523.683930244     
   57.191179496046558        4.8080029859696127       -3.5906042311773172        1.2173987547922955        387.02507347158740        13479227.869596288     
   57.537792705113510        4.2318796231949429       -3.5538221255171445       0.67805749767779855        340.64943945945538        13958088.165709456     
   57.884405914180455        4.6985868282669010       -3.5424177756431585        1.1561690526237427        378.21750895936799        16487626.210258730     
   58.231019123247407        4.2024595816135628       -3.6250222451496503       0.57743733646391260        338.28124339389603        10087893.275476918     
   58.577632332314352        4.1696809798426173       -3.5334867859164061       0.63619419392621124        335.64269662183369        14080169.035724770     
   58.924245541381303        4.2139611698293082       -3.5889496984816107       0.62501147134769730        339.20707539467236        12083331.361576218     
   59.270858750448255        3.9724564387459287       -3.6235343730240408       0.34892206572188794        319.76690729077683        10414794.817568127     
   59.617471959515200        4.1383331071480400       -3.5972921859291089       0.54104092121893077        333.11931783687851        10261600.196842887     
   59.964085168582152        4.1257557305225401       -3.6673705222236204       0.45838520829891971        332.10688915770169        6344344.3435547687     
   60.310698377649103        3.9297302671899832       -3.5639102467432759       0.36582002044670708        316.32762080658495        10932773.804320158     
   60.657311586716048        4.2982834089373911       -3.6095583570452541       0.68872505189213695        345.99467949586102        9792955.6433397345     
   61.003924795783000        4.4738913165781335       -3.6160741752713794       0.85781714130675435        360.13041600750211        11569506.131592590     
   61.350538004849945        4.3618808619093468       -3.5236982829226657       0.83818257898668058        351.11402093156789        14554321.679146791     
   61.697151213916896        4.2950467382675299       -3.6243338556752209       0.67071288259230921        345.73414040978685        10311300.375054654     
   62.043764422983848        3.9162942046719964       -3.5723222737604323       0.34397193091156414        315.24607133617752        9340402.6565537807     
   62.390377632050793        4.3435749273521216       -3.5514131725910651       0.79216175476105644        349.64046617553913        12565968.234399691     
   62.736990841117745        4.0569738397802499       -3.5415790283599682       0.51539481142028176        326.57022114902298        11062407.936837532     
   63.083604050184682        3.8038130236268222       -3.6754932078852054       0.12831981574161661        306.19178466347483        5214919.4283114392     
   63.430217259251641        3.9308699254428006       -3.5095397389605445       0.42133018648225612        316.41935875273771        12966683.664792294     
   63.776830468318593        4.5305757169119900       -3.6198772613177623       0.91069845559422780        364.69328426443172        12079692.846250061     
   64.123443677385538        4.0311184225638206       -3.5616122679082527       0.46950615465556778        324.48896313461904        12845093.079663238     
   64.470056886452483        3.8052689396237409       -3.5650159143329598       0.24025302529078121        306.30898009727974        13439885.211386211     
   64.816670095519427        3.9496681306793842       -3.6916561111818007       0.25801201949758318        317.93253933603876        9196131.1966497134     
   65.163283304586386        4.2192117447773194       -3.5669874510486861       0.65222429372863333        339.62972574679401        15560836.469634298     
   65.509896513653331        4.1285116349306010       -3.6422113495647452       0.48630028536585629        332.32872847625515        11234339.255157869     
   65.856509722720276        3.9969216012080375       -3.6461525657348046       0.35076903547323285        321.73625533964923        9561007.2817202564     
   66.203122931787235        3.8857408072535091       -3.5395080137693107       0.34623279348419861        312.78664464380580        14033841.103281628     
   66.549736140854179        3.8568442920377120       -3.6666238994140401       0.19022039262367207        310.46059036366034        8594045.5127274003     
   66.896349349921124        4.0739833257805547       -3.6208743257898539       0.45310899999070037        327.93941696445654        11413605.590946190     
   67.242962558988083        4.1127362735612962       -3.6081321374416491       0.50460413611964694        331.05887477383175        13097133.653000878     
   67.589575768055028        4.3120163454105391       -3.5826854972988023       0.72933084811173698        347.10012613618352        12295558.969881190     
   67.936188977121972        4.0749185540885451       -3.6733507365415021       0.40156781754704296        328.01469911500203        9456860.2939537093     
   68.282802186188917        4.5074715975061208       -3.6263182225297652       0.88115337497635537        362.83349475584646        14517736.145062460     
   68.629415395255876        3.6402366561048058       -3.6487215228493510       -8.4848667445454953E-003   293.02453916816933        10017881.270773461     
   68.976028604322821        3.9814692890994912       -3.5851825557790828       0.39628673332040837        320.49240581489482        12373680.601766028     
   69.322641813389765        3.9897080553281117       -3.6208915079641120       0.36881654736399955        321.15559365280836        10030091.645181427     
   69.669255022456724        3.8917831013956201       -3.6799340449692943       0.21184905642632570        313.27302523489772        6803569.9334882945     
   70.015868231523669        4.4583919061982664       -3.7278279196212436       0.73056398657702304        358.88277525966163        8593447.6556113102     
   70.362481440590614        4.2017320535333802       -3.6747742103552286       0.52695784317815186        338.22268028370104        10140979.300922398     
   70.709094649657573        4.3949273156679629       -3.6207664904903920       0.77416082517757068        353.77412872085716        13951927.589201400     
   71.055707858724517        4.1568354844261615       -3.5920035443756135       0.56483194005054804        334.60868544882896        14000928.834977465     
   71.402321067791462        4.3352190223733933       -3.6390334401220690       0.69618558225132421        348.96784913521054        11942516.169102333     
   71.748934276858407        3.8999794915963437       -3.6483600223716182       0.25161946922472539        313.93280197149573        8036920.8390765507     
   72.095547485925366        4.1846300483319139       -3.6916450269154302       0.49298502141648398        336.84603704139778        7262718.1229296010     
   72.442160694992310        4.3321576206585712       -3.6498561046256852       0.68230151603288602        348.72141850131482        10764440.701115040     
   72.788773904059255        4.5692454336169606       -3.5815030939902517       0.98774233962670899        367.80604230400445        15148071.151169641     
   73.135387113126214        4.1477772285098737       -3.6552194499380617       0.49255777857181204        333.87953195791891        11373341.185768958     
   73.482000322193144        3.4227757524313098       -3.7181487535220086      -0.29537300109069903        275.51980332107627        7562596.6959491242     
   73.828613531260103        4.4061455148885162       -3.6609899674490696       0.74515554743944645        354.67714903723868        13729677.028759427     
   74.175226740327062        4.4275009170420994       -3.6206136845655998       0.80688723247649974        356.39617377820173        15844059.459703954     
   74.521839949393993        4.2295627958165163       -3.6614695814513891       0.56809321436512727        340.46294409142558        13585367.114090374     
   74.868453158460952        4.3290720490309074       -3.7655464692633371       0.56352557976757001        348.47304228578764        9009473.9645577129     
   75.215066367527896        3.8244063494486835       -3.7078293902011632       0.11657695924752035        307.84946529771906        9105032.1710395683     
   75.561679576594855        4.6156907483110565       -3.6565933303160243       0.95909741799503212        371.54470498461188        16385541.847489364     
   75.908292785661800        3.9219942241728156       -3.5884722150632324       0.33352200910958307        315.70490018310869        16258949.262144808     
   76.254905994728745        3.9441267910944973       -3.7365889447051734       0.20753784638932410        317.48648358976948        9232595.6631917004     
   76.601519203795704        4.2154194001903722       -3.7483029497513627       0.46711645043900951        339.32445712556483        9964432.2714012880     
   76.948132412862634        4.2966282806512366       -3.5515185959956939       0.74510968465554250        345.86144826692390        18521746.707573161     
   77.294745621929593        3.9783782271696113       -3.5539246510514473       0.42445357611816403        320.24358765192613        17533530.243735179     
   77.641358830996552        4.2334134518798621       -3.7167327955145728       0.51668065636528959        340.77290655404869        10316059.723678911     
   77.987972040063482        4.1054401433654029       -3.7953438641604009       0.31009627920500155        330.47156537877430        8010029.1699962858     
   78.334585249130441        3.8247142640181213       -3.7149017197628655       0.10981254425525572        307.87425119307045        10771782.550054293     
   78.681198458197386        4.4140573289791183       -3.6957840884969198       0.71827324048219821        355.31401853142251        14867977.420068083     
   79.027811667264331        4.0611362321954303       -3.7643753336820196       0.29676089851341042        326.90527714524495        6516722.2195467828     
   79.374424876331290        3.9256163925929251       -3.7735557781945879       0.15206061439833751        315.99647030130751        6839116.5567046199     
   79.721038085398234        3.7613383321816678       -3.5857717362434207       0.17556659593824711        302.77274132568692        13488974.200020788     
   80.067651294465179        3.7026203139335472       -3.5916923352044119       0.11092797872913555        298.04617493359012        13889694.283624936     
   80.414264503532124        4.2021572065392725       -3.6368273371125976       0.56532986942667440        338.25690340582094        14893940.729010627     
   80.760877712599083        3.6904597485406661       -3.6832317240082419        7.2280245324242310E-003   297.06729789703883        9534485.7622072026     
   81.107490921666042        4.3293686255642312       -3.6610701712400142       0.66829845432421731        348.49691551443050        13082715.593982415     
   81.454104130732972        4.2018088468592047       -3.7874042785501634       0.41440456830904082        338.22886184029653        7199785.2016244503     
   81.800717339799931        4.3944223676607042       -3.6426185441234686       0.75180382353723552        353.73348241922656        13330687.497947432     
   82.147330548866876        4.2879768080156682       -3.6682240880856862       0.61975271992998193        345.16503920848754        12411805.518674923     
   82.493943757933820        3.8195605161261477       -3.6974124403958117       0.12214807573033608        307.45939503296296        8440899.8605144154     
   82.840556967000779        3.8932269928403622       -3.6693806207207884       0.22384637211957362        313.38925274018771        10148677.567216290     
   83.187170176067724        4.1601230126271940       -3.7296830370385465       0.43043997558864722        334.87331836342105        9320890.1473296098     
   83.533783385134669        4.2538277454605531       -3.6875018034255933       0.56632594203495967        342.41617580658311        12419650.895111294     
   83.880396594201613        4.1754975764321047       -3.7346493994245922       0.44084817700751261        336.11090945967305        10344524.303154539     
   84.227009803268572        4.2713532099327418       -3.7487596925405295       0.52259351739221205        343.82690583207710        11664427.768245643     
   84.573623012335517        4.4050226074415093       -3.8011783190725832       0.60384428836892590        354.58675946417731        9733534.2262124419     
   84.920236221402462        4.0715462851638859       -3.7789744638612488       0.29257182130263698        327.74324490997327        8851670.3552130852     
   85.266849430469421        3.7613843362653885       -3.8056151243312515       -4.4230788065862954E-002   302.77644447103307        7498593.4621798610     
   85.613462639536365        4.0276881606455408       -3.7492508584832098       0.27843730216233104        324.21284072479045        10684155.458022295     
   85.960075848603310        4.1139642493136561       -3.7435578799680731       0.37040636934558346        331.15772192662376        11544745.780973807     
   86.306689057670269        3.9298481769603848       -3.6013002017743845       0.32854797518600004        316.33711207305998        16192800.140883313     
   86.653302266737214        3.8788324620389383       -3.6353955133348417       0.24343694870409649        312.23055039385662        13959125.413858535     
   86.999915475804158        4.2638231281951393       -3.6782576399055080       0.58556548828963095        343.22076427054998        13088831.126185078     
   87.346528684871103        4.3605645380489211       -3.7572143006446859       0.60335023740423488        351.00806210827261        10683969.972706730     
   87.693141893938062        3.9529659549012788       -3.6637864142880070       0.28917954061327189        318.19800103926559        12804382.238887858     
   88.039755103005007        4.2601112565080150       -3.7516731140730992       0.50843814243491636        342.92197339695485        10450325.630484780     
   88.386368312071951        4.3416602186365818       -3.7237175607857749       0.61794265785080738        349.48633975684288        13132258.132972643     
   88.732981521138910        4.2832370697616646       -3.6810272892770017       0.60220978048466323        344.78350917380482        14827614.644913249     
   89.079594730205855        4.2369775593656733       -3.6757714379518123       0.56120612141386095        341.05980299849392        14691238.597736746     
   89.426207939272800        4.0537074750073199       -3.6532337889379263       0.40047368606939321        326.30729180602600        14140691.906089190     
   89.772821148339759        4.1463573224260131       -3.7387084039010507       0.40764891852496188        333.76523517856316        11520499.893114464     
   90.119434357406703        3.9870886495036451       -3.7203306470290420       0.26675800247460291        320.94474192608845        10118875.056245787     
   90.466047566473648        4.3993430166774301       -3.6894068037489851       0.70993621292844522        354.12957504911549        14095116.333683852     
   90.812660775540593        4.5163260522128565       -3.7021511131430440       0.81417493906981209        363.54624306183240        14633229.041979391     
   91.159273984607552        3.6145136425311342       -3.7840444579875094      -0.16953081545637530        290.95393911918597        8107852.5349092130     
   91.505887193674496        4.1720103833933058       -3.7842134069614866       0.38779697643181976        335.83020432159623        8744608.4404569659     
   91.852500402741441        4.1616601544977714       -3.7645197013004319       0.39714045319733909        334.99705215625193        8482021.0935207829     
   92.199113611808400        4.2733891926500842       -3.5589288996180466       0.71446029303203751        343.99079432446490        16649315.013443895     
   92.545726820875331        4.1213606499256414       -3.6818215564472170       0.43953909347842474        331.75310269045275        12192875.006800445     
   92.892340029942289        4.2361817541338933       -3.6603131304104539       0.57586862372343961        340.99574384977927        10941455.596200809     
   93.238953239009248        4.7532147097463682       -3.7395481868451643        1.0136665229012036        382.61483564674398        8592438.1645900980     
   93.585566448076179        3.7109030419132569       -3.7302407968847571       -1.9337754971500080E-002   298.71290151721473        3864833.6865494070     
   93.932179657143138        4.4194061444540917       -3.7400516732790008       0.67935447117509062        355.74457685433299        8683328.9483109545     
   94.278792866210082        4.0818689165820157       -3.7306459744889628       0.35122294209305338        328.57417558840257        8435254.2216056455     
   94.625406075277041        4.2321174524850100       -3.8164617938094731       0.41565565867553728        340.66858376920948        4714102.6460468732     
   94.972019284343986        4.2666897791905214       -3.7455603618849955       0.52112941730552553        343.45151824789627        7916583.5614685277     
   95.318632493410931        4.0045337950114170       -3.6987545263114066       0.30577926870001060        322.34900659513517        8729192.3722204845     
   95.665245702477890        4.3255513204574214       -3.7057801044495688       0.61977121600785257        348.18963767085643        10306875.605578039     
   96.011858911544820        4.0719349899234585       -3.7558196441037226       0.31611534581973560        327.77453409356389        6658403.1994225224     
   96.358472120611779        3.9984453039003136       -3.7060526805921143       0.29239262330819915        321.85890733220162        7579484.1477552308     
   96.705085329678738        3.9751707008619332       -3.7691990524416812       0.20597164842025240        319.98539457082501        5867283.6546628764     
   97.051698538745669        3.7822665593626410       -3.7282326728874384        5.4033886475202582E-002   304.45738018426965        7224786.7965679271     
   97.398311747812627        4.0693234867996253       -3.7019392232760833       0.36738426352354209        327.56431850274123        10354476.432472894     
   97.744924956879572        3.9300913295398217       -3.7515620527868490       0.17852927675297259        316.35668488638726        6778873.7971680677     
   98.091538165946517        3.9788375722488847       -3.7086794108792969       0.27015816136958759        320.28056309964808        8497735.6505358368     
   98.438151375013476        4.4072799804319542       -3.7650662399152868       0.64221374051666713        354.76846899098695        8870982.8522313349     
   98.784764584080420        4.6069365312912751       -3.7796784512403279       0.82725808005094781        370.84002541283246        10832636.791249685     
   99.131377793147365        4.2716648204701304       -3.7073001211253271       0.56436469934480293        343.85198923811481        11550694.972733580     
   99.477991002214310        4.0236671933577020       -3.7395853133506662       0.28408188000703571        323.88916888753414        8816550.1883198060     
   99.824604211281269        3.9776732867344387       -3.7424646688279650       0.23520861790647382        320.18684275710973        8930201.7151696254     
   100.17121742034823        4.2079389861397356       -3.7303442180118398       0.47759476812789559        338.72231361484035        10183321.810998563     
   100.51783062941516        4.0118931400395992       -3.6017501574076465       0.41014298263195237        322.94140453218853        13511759.574315222     
   100.86444383848212        4.3610473766901379       -3.7192343230382852       0.64181305365185248        351.04692869407489        11289271.005788522     
   101.21105704754906        4.2625531144252236       -3.6447152951384605       0.61783781928676329        343.11853322492760        14611014.067607045     
   101.55767025661601        4.1596757583884623       -3.7086427265340070       0.45103303185445559        334.83731618016310        12731453.565891212     
   101.90428346568297        4.2089065278028333       -3.6023913323253511       0.60651519547748245        338.80019686165610        17821763.770419441     
   102.25089667474991        3.9877051738200175       -3.7087249865010179       0.27898018731899965        320.99436967580857        10907653.156038102     
   102.59750988381685        4.2893735877652039       -3.5733605494216376       0.71601303834356655        345.27747441012230        16129811.394972743     
   102.94412309288380        4.0169129637936036       -3.7080345403816182       0.30887842341198546        323.34548033307249        9917417.4540795572     
   103.29073630195076        4.3175653100639177       -3.7450638518489296       0.57250145821498843        347.54679567006940        10939011.203677043     
   103.63734951101770        4.2400412241632290       -3.5937504790155383       0.64629074514769058        341.30641580152803        16827870.720377918     
   103.98396272008465        4.1513940110291054       -3.5804359796207659       0.57095803140833967        334.17066853256773        18038911.028831728     
   104.33057592915161        4.0245122737431869       -3.7473668056640177       0.27714546807916940        323.95719448968873        8864604.7612200342     
   104.67718913821855        3.8457244556944334       -3.6367925993970038       0.20893185629742939        309.56548786678002        11124293.014493471     
   105.02380234728550        4.2319605487225935       -3.7125025252815078       0.51945802344108583        340.65595364182508        11529322.770575488     
   105.37041555635246        4.1788070538706696       -3.7354303734466705       0.44337668042399891        336.37730920038678        10438451.925755316     
   105.71702876541940        3.8763052017535022       -3.7375628239085099       0.13874237784499269        312.02711601569445        8668238.5444332324     
   106.06364197448634        4.2115485895585056       -3.8249796901352751       0.38656889942323047        339.01287230052117        7039869.2565266499     
   106.41025518355329        4.0424900549557767       -3.6620273314627854       0.38046272349299187        325.40433420964376        14377163.154700018     
   106.75686839262025        4.3630553345599354       -3.7450713781134550       0.61798395644648063        351.20856129795516        14632618.316475756     
   107.10348160168719        4.2976801162109943       -3.7496405822674252       0.54803953394356864        345.94611683638675        13769962.097928369     
   107.45009481075414        4.2526267140575298       -3.8055760325650190       0.44705068149251048        342.31949756650016        8828775.2884456832     
   107.79670801982110        4.2861313943530037       -3.7210895132434469       0.56504188110955678        345.01649076530595        12187131.905885916     
   108.14332122888804        4.3452832111183524       -3.7375723227394260       0.60771088837892628        349.77797620872030        12207112.284492200     
   108.48993443795499        4.1752797524922718       -3.7380418563103675       0.43723789618190384        336.09337550086229        11496076.605289789     
   108.83654764702194        3.8553015681320226       -3.7176296090659995       0.13767195906602320        310.33640723925544        12329171.535290578     
   109.18316085608889        4.3131155241674044       -3.7012820401177313       0.61183348404967330        347.18860564428189        13267478.721648579     
   109.52977406515583        4.0356913554202425       -3.6657277714947702       0.36996358392547235        324.85706599975913        14323974.283106485     
   109.87638727422278        3.9584141836676081       -3.6999400702470031       0.25847411342060506        318.63656173582331        15554821.067910956     
   110.22300048328974        4.1350994255895337       -3.7462120094320572       0.38888741615747674        332.85901936235251        14726553.440082332     
   110.56961369235668        4.2633472856540253       -3.8321600648242931       0.43118722082973254        343.18246084291644        10378627.599933950     
   110.91622690142363        3.7909486529871832       -3.8789664079111539       -8.8017754923971014E-002   305.15625411024911        4295162.8351572258     
   111.26284011049059        4.1196634952457227       -3.8035648454153614       0.31609864983036112        331.61648850435404        9717171.2943486627     
   111.60945331955753        3.7791993528406658       -3.7195946247386189        5.9604728102046783E-002   304.21048228653871        9903714.5711475164     
   111.95606652862446        3.8420965792854611       -3.7581458886380745        8.3950690647386472E-002   309.27345827823240        8669888.7837925442     
   112.30267973769142        4.4238467372892281       -3.8283121386469112       0.59553459864231684        356.10202687532740        8385332.4151436556     
   112.64929294675837        4.2763613101315849       -3.7170565428665263       0.55930476726505862        344.23003793350608        12087860.205839492     
   112.99590615582532        3.9784866164910486       -3.8114617949774310       0.16702482151361769        320.25231256021243        7638797.5511164498     
   113.34251936489228        4.1595102030117364       -3.8743848843907571       0.28512531862097973        334.82398963231611        3936658.7707862584     
   113.68913257395921        4.1289337094510801       -3.6740813258826135       0.45485238356846625        332.36270379257155        12531707.918728715     
   114.03574578302616        4.1207761678633439       -3.7249157856214770       0.39586038224186670        331.70605421445060        11461037.987792864     
   114.38235899209312        4.0451795097887295       -3.7300935036002216       0.31508600618850813        325.62082460229936        11839726.311711000     
   114.72897220116008        4.3232854975716366       -3.8256788146459639       0.49760668292567234        348.00724796115708        9617791.0764157008     
   115.07558541022702        4.0575275211415169       -3.7926402527424750       0.26488726839904220        326.61479029137780        8445071.9046477117     
   115.42219861929395        4.0864342350078626       -3.7287116807982401       0.35772255420962201        328.94166552223589        12238098.645189678     
   115.76881182836091        4.2639579635991138       -3.5676061227347109       0.69635184086440327        343.23161798305443        19084195.774144221     
   116.11542503742785        3.7845000724880564       -3.7793492089447458        5.1508635433107075E-003   304.63716908706073        8961158.5035302453     
   116.46203824649481        4.1544438219291093       -3.7699710699177555       0.38447275201135411        334.41616615207687        11676478.000724155     
   116.80865145556177        4.4424799076705535       -3.7461760052220470       0.69630390244850671        357.60192281068464        13279873.196962669     
   117.15526466462870        3.9348979807270856       -3.7042361189060755       0.23066186182101039        316.74360114545192        11842347.291000044     
   117.50187787369565        4.1457679691213363       -3.5785067435833020       0.56726122553803382        333.71779458696852        16569423.430261603     
   117.84849108276261        3.8354998263163851       -3.7449775497523308        9.0522276564054122E-002   308.74244596189635        10588782.653299043     
   118.19510429182955        4.0733038797076215       -3.6247242316462978       0.44857964806132428        327.88472426416831        16146997.729243595     
   118.54171750089651        4.5304404321831777       -3.8220766594440585       0.70836377273911932        364.68239438306915        11024231.379424702     
   118.88833070996347        4.1465303582438766       -3.6487006952520948       0.49782966299178194        333.77916387210138        16045124.461421721     
   119.23494391903040        4.1340717667354729       -3.6744857327594254       0.45958603397604786        332.77629692131887        13641957.751402261     
   119.58155712809734        4.4044108355391778       -3.6128135260499765       0.79159730948920171        354.53751426484229        14712952.969308883     
   119.92817033716430        4.1857143627972224       -3.5896711381015063       0.59604322469571580        336.93332003328169        13045743.287525170     
   120.27478354623126        4.5039284315141881       -3.6219957373529192       0.88193269416126907        362.54828401817610        13878739.394360956     
   120.62139675529821        4.1441442207207189       -3.6567539439548176       0.48739027676590130        333.58708931372269        10359945.026493529     
   120.96800996436514        4.4172791685814516       -3.6804360509806964       0.73684311760075494        355.57336377568413        10064753.822356926     
   121.31462317343210        4.2661543801725959       -3.6052209748102517       0.66093340536234380        343.40842076129860        12486466.920307223     
   121.66123638249904        4.4974338762440054       -3.4980229251086814       0.99941095113532352        362.02549820919410        20140601.894678574     
   122.00784959156600        3.9090067176286931       -3.7475644640847237       0.16144225354396974        314.65945768044810        7412794.6315918006     
   122.35446280063296        4.3521018025827214       -3.7602514066569590       0.59185039592576227        350.32684563957775        8614754.7486781999     
   122.70107600969989        4.2169527392018189       -3.6838424280222735       0.53311031117954488        339.44788480339565        11496570.708234644     
   123.04768921876683        4.2458798900004000       -3.7017955593633034       0.54408433063709638        341.77640512582775        9697148.8190700598     
   123.39430242783379        4.1544869903894686       -3.7135130195734622       0.44097397081600670        334.41964104104653        8786528.6351447310     
   123.74091563690074        4.0833925798740376       -3.6014733753402033       0.48191920453383424        328.69682440939152        14446051.032691682     
   124.08752884596770        4.2030074494340397       -3.7018158187141181       0.50119163071992112        338.32534456939266        10462294.393271087     
   124.43414205503463        3.9136550052717336       -3.7466423552675550       0.16701265000417864        315.03362630551231        7129431.7481820444     
   124.78075526410159        4.1927923227390931       -3.7603093446481601       0.43248297809093333        337.50306759261667        7674179.0035597552     
   125.12736847316853        4.4545916258776463       -3.6815325354850206       0.77305909039262555        358.57686784350716        10662652.970018767     
   125.47398168223549        4.1165375016259018       -3.7132218179672134       0.40331568365868864        331.36485847959881        7765270.5540539436     
   125.82059489130245        4.3383161850579928       -3.6864410118904960       0.65187517316749710        349.21715838461375        10940167.883455459     
   126.16720810036936        4.4898976734791614       -3.6555962126725570       0.83430146080660383        361.41886392937528        14459276.892543107     
   126.51382130943632        4.1556134680174583       -3.6300703041545450       0.52554316386291322        334.51031799944462        13420750.726657784     
   126.86043451850328        4.5233193693069813       -3.6646720845719938       0.85864728473498719        364.10917720934890        12641677.704906939     
   127.20704772757023        4.0586202511057907       -3.7228651565024005       0.33575509460338993        326.70275069738040        10221670.880045194     
   127.55366093663719        4.1469179609745890       -3.6947304542194317       0.45218750675515695        333.81036434676190        10837364.777677383     
   127.90027414570412        3.9298706663073952       -3.6735831610986538       0.25628750520874177        316.33892237584155        12126158.799133696     
   128.24688735477108        4.3865446975231830       -3.6374105931702876       0.74913410435289496        353.09936137715232        16813869.841933042     
   128.59350056383803        4.0513831978065618       -3.6929027127966778       0.35848048500988400        326.12019675699696        12032413.353063056     
   128.94011377290497        4.3402327215455889       -3.6562657532498237       0.68396696829576520        349.37143193167424        14382876.695102248     
   129.28672698197192        4.2901070143215643       -3.6071676286592926       0.68293938566227219        345.33651232413558        16573592.780242192     
   129.63334019103885        3.9732128741632957       -3.5972604600337927       0.37595241412950281        319.82779732637732        15301724.437223215     
   129.97995340010581        4.1228562519210206       -3.6811174427667819       0.44173880915423847        331.87349268892717        11444788.263485666     
   130.32656660917277        4.5260080660386652       -3.7304854036607620       0.79552266237790370        364.32560657787462        9177613.9619238973     
   130.67317981823973        3.8547488365581861       -3.6557893128619110       0.19895952369627534        310.29191455100249        9848867.0877619591     
   131.01979302730666        3.7921189370637696       -3.6485507155663686       0.14356822149740101        305.25045731312673        9489666.9444549512     
   131.36640623637359        4.3279932786793083       -3.7387996931895353       0.58919358548977341        348.38620557295599        9912817.8313165661     
   131.71301944544055        4.0651052385995889       -3.6385588640275861       0.42654637457200345        327.22476633850493        12829844.744475676     
   132.05963265450751        4.4705655047080288       -3.5835161505183000       0.88704935418972930        359.86270141016593        17321180.078172192     
   132.40624586357447        4.0342835923129119       -3.6456838355189416       0.38859975679397002        324.74374668160658        13524936.150712451     
   132.75285907264143        4.5753029582932188       -3.6094066784273324       0.96589627986588622        368.29364889237928        17665994.816774994     
   133.09947228170836        3.7699174230963042       -3.7164214022229904        5.3496020873313482E-002   303.46332394413486        7839173.1721546138     
   133.44608549077529        4.0082882170696417       -3.6731592975498644       0.33512891951977725        322.65122260397868        11427203.959115200     
   133.79269869984225        4.3063466661060730       -3.7247656258730819       0.58158104023299140        346.64373955410889        10648069.958603397     
   134.13931190890921        4.0469718660136875       -3.6921730492022458       0.35479881681144221        325.76510213325679        12048041.115457047     
   134.48592511797617        4.1993758656023061       -3.8038774664908792       0.39549839911142631        338.03301654809223        8664668.0002249833     
   134.83253832704310        4.0484647590029637       -3.6846331992265209       0.36383155977644249        325.88527406753917        11057466.536805134     
   135.17915153611006        4.2260938732303881       -3.7576599412434977       0.46843393198689093        340.18370965195436        7165899.5095962603     
   135.52576474517699        4.2687858820212092       -3.7834284774486959       0.48535740457251358        343.62024616974213        6745880.3020901782     
   135.87237795424394        4.2244463033859434       -3.6851854166885283       0.53926088669741545        340.05108684744346        11280061.497552402     
   136.21899116331090        4.5034359992674329       -3.8022228212786815       0.70121317798875127        362.50864518537242        8138849.3161717448     
   136.56560437237783        4.2531484210595236       -3.8113094090479689       0.44183901201155457        342.36149290039793        7605489.0490387706     
   136.91221758144479        4.0870944987218571       -3.8479104953964800       0.23918400332537729        328.99481411909932        6361422.9458171418     
   137.25883079051175        3.9381164040740169       -3.8158819769151480       0.12223442715886890        317.00267139477245        8738209.8764699362     
   137.60544399957871        4.0849227707080944       -3.8238611198788024       0.26106165082929200        328.81999867149256        9140788.8878212944     
   137.95205720864564        4.2291796586899935       -3.7845351466448744       0.44464451204511912        340.43210308010032        10893917.309386846     
   138.29867041771257        4.0488000899217989       -3.8307560658764368       0.21804402404536238        325.91226686972306        9188796.8947654478     
   138.64528362677953        4.0050574926502760       -3.8350863596353566       0.16997113301491978        322.39116216736500        8550731.2298859991     
   138.99189683584649        4.0212254585872991       -3.7725837860159235       0.24864167257137579        323.69261897238829        11069574.138384275     
   139.33851004491345        3.9480146655944570       -3.8053217892431199       0.14269287635133687        317.79944198817020        9610042.7885496784     
   139.68512325398041        4.0683204481755810       -3.7893253924087555       0.27899505576682559        327.48357789207637        11073462.517873688     
   140.03173646304734        4.2310252178434933       -3.7509741343928491       0.48005108345064457        340.58066323471422        13689175.598841289     
   140.37834967211427        4.1970740463470584       -3.7557703318771591       0.44130371446989919        337.84772927414923        14250121.539915003     
   140.72496288118123        4.1644744423936748       -3.6795616177085182       0.48491282468515701        335.22359111283345        17989815.085066527     
   141.07157609024819        3.9740014638094410       -3.7362482966691455       0.23775316714029537        319.89127564921296        16360601.163029933     
   141.41818929931515        4.0367892113600794       -3.9002105052454978       0.13657870611458173        324.94543902636008        9361601.7765169796     
   141.76480250838208        4.4320986225352748       -3.8383657378141063       0.59373288472116903        356.76627074184540        12146060.828127271     
   142.11141571744903        4.2736092987011078       -3.8418913068588796       0.43171799184222825        344.00851198412892        10686723.246643092     
   142.45802892651596        4.4652287497259699       -3.6529058079523558       0.81232294177361442        359.43311390885646        17800833.683707688     
   142.80464213558292        3.9839922690691529       -3.8271888537268417       0.15680341534231121        320.69549564470049        8510264.7879961208     
   143.15125534464988        4.2163686503175075       -3.7736891603561959       0.44267948996131212        339.40086797665407        12232088.338601124     
   143.49786855371681        3.8859640657521113       -3.7356344419773131       0.15032962377479822        312.80461606293278        10216694.458320530     
   143.84448176278377        4.3574435611673392       -3.7377177206378689       0.61972584052947066        350.75683591094662        12084683.576927837     
   144.19109497185073        4.0917765369563517       -3.7398440207991954       0.35193251615715598        329.37169953223025        10472601.247685853     
   144.53770818091766        3.9990472276971758       -3.7028026073596938       0.29624462033748200        321.90735979830549        10172537.011336928     
   144.88432138998462        3.9864848758349587       -3.8477286037146792       0.13875627212027977        320.89614055267725        3827385.8332999186     
   145.23093459905155        4.1543194538643284       -3.7640496305085076       0.39026982335582083        334.40615501865000        8221070.0063005546     
   145.57754780811851        4.0686259905717490       -3.6681781743848969       0.40044781618685255        327.50817283693618        11664680.252112919     
   145.92416101718547        4.2569802136562842       -3.6897058524300483       0.56727436122623565        342.66993692915935        12347359.867591474     
   146.27077422625243        4.0262786305294425       -3.8197607836673271       0.20651784686211550        324.09937916947626        4455705.6435388429     
   146.61738743531936        4.4466523944469536       -3.7316360851204053       0.71501630932654781        357.93779136274412        10061266.447222054     
   146.96400064438629        4.2546797718455620       -3.7607154281357040       0.49396434370985765        342.48476053400941        7468214.1099205324     
   147.31061385345325        4.0975663460854834       -3.7483766573417996       0.34918968874368328        329.83775608629804        6261583.2550424878     
   147.65722706252021        4.1980826909961619       -3.7371107626047078       0.46097192839145412        337.92892114748315        6744812.3460000111     
   148.00384027158717        4.2048334444875533       -3.6958000069760426       0.50903343751151053        338.47232989194907        9357008.6125876904     
   148.35045348065412        4.0682301262949059       -3.5706283294409631       0.49760179685394279        327.47630734074636        13306680.259753210     
   148.69706668972105        3.9683341644928221       -3.6851410712012753       0.28319309329154690        319.43508064667236        10445013.215443594     
   149.04367989878799        4.2979161439451374       -3.6833842146721310       0.61453192927300604        345.96511612807075        11967097.344553273     
   149.39029310785494        3.9118766873508926       -3.6088430501922280       0.30303363715866427        314.89047880207318        13278052.442785874     
   149.73690631692190        4.3821274251116611       -3.6284576221976779       0.75366980291398278        352.74378855729299        15398987.822396329     
   150.08351952598886        4.4282926011213819       -3.5911694909457039       0.83712311017567764        356.45990119056916        17421339.697960358     
   150.43013273505579        4.0501728298642652       -3.7340935856679276       0.31607924419633771        326.02276696272236        10012910.912077095     
   150.77674594412275        3.9345767139966101       -3.8158962303666848       0.11868048362992534        316.71774045436479        6536486.8929261109     
   151.12335915318971        4.2997197284850781       -3.7074131315546137       0.59230659693046461        346.11029749362314        15350744.137844671     
   151.46997236225664        3.8252781007010057       -3.5938985614510126       0.23137953924999297        307.91963779833179        17826372.002772044     
   151.81658557132360        4.2089165053243303       -3.6556863599065150       0.55323014541781579        338.80100001236167        16770802.972255236     
   152.16319878039053        3.9883871779944076       -3.7310412625921141       0.25734591540229329        321.04926829306640        11654725.860234750     
   152.50981198945749        4.3142864873322422       -3.7515178605840713       0.56276862674817107        347.28286351105658        13059162.464724772     
   152.85642519852445        4.0245027797211606       -3.7541513490980138       0.27035143062314726        323.95643025876319        13055117.888072813     
   153.20303840759141        4.0906106872731307       -3.7745206159553999       0.31609007131773026        329.27785328034099        13343448.480522240     
   153.54965161665834        4.3248304590829463       -3.7923339260807110       0.53249653300223521        348.13161120389429        12186340.697389109     
   153.89626482572527        4.0798466392301291       -3.6361342346404162       0.44371240458971256        328.41139032329812        17948364.119317356     
   154.24287803479223        3.7980644309670906       -3.7752347390608740        2.2829691906216313E-002   305.72904587088601        9232994.7314052526     
   154.58949124385919        4.1472267928009074       -3.8620556187424508       0.28517117405845677        333.83522407763564        5802227.2518564956     
   154.93610445292614        4.5955315706614703       -3.7615405774946589       0.83399099316681180        369.92197154752262        11809978.132721409     
   155.28271766199310        4.2462817098932168       -3.6914276227393903       0.55485408715382656        341.80875002536169        13879633.990090029     
   155.62933087106003        4.1555760462731790       -3.7942832185418820       0.36129282773129684        334.50730569821042        10601967.245390927     
   155.97594408012696        3.8881252652129161       -3.8128268638321421        7.5298401380773816E-002   312.97858400399804        8555745.1512638722     
   156.32255728919392        4.2247152112293858       -3.7829650902179055       0.44175012101148048        340.07273285685096        10392516.710576650     
   156.66917049826088        3.9244824340367077       -3.6964266603668166       0.22805577366989138        315.90519115800947        14118548.914780866     
   157.01578370732784        3.9629108834113418       -3.8510300269881630       0.11188085642317842        318.99852813929203        5786920.4128428428     
   157.36239691639477        4.1374967949172827       -3.8392275669984355       0.29826922791884758        333.05199803622565        6272680.4985433323     
   157.70901012546173        3.8979537132906605       -3.8507020062935822        4.7251706997078369E-002   313.76973489356715        4844775.6660548244     
   158.05562333452866        4.0223054427849574       -3.6733667826028245       0.34893866018213260        323.77955339498874        13763864.411630699     
   158.40223654359562        3.8354562077025536       -3.7542845949915988        8.1171612710954466E-002   308.73893483736668        8968785.3870215714     
   158.74884975266258        4.0357475250752524       -3.7439799365480355       0.29176758852721674        324.86158743306947        10153012.156789491     
   159.09546296172951        3.9883253425570495       -3.7648288699536923       0.22349647260335728        321.04429078686343        8364028.3164759139     
   159.44207617079647        4.2880425039682351       -3.6894092903337636       0.59863321363447108        345.17032747077508        13489872.039067792     
   159.78868937986343        4.4587680852568177       -3.7432009567795292       0.71556712847728809        358.91305617425320        10861503.627750540     
   160.13530258893036        4.1401572953961230       -3.8370969194151514       0.30306037598097146        333.26615771880051        6980960.2542345710     
   160.48191579799732        3.9981978550315751       -3.7593527697586975       0.23884508527287765        321.83898868471255        11697182.885442803     
   160.82852900706425        3.9949197350555874       -3.8004390901731746       0.19448064488241248        321.57511309473108        10783594.498979468     
   161.17514221613121        3.9940432954870189       -3.7318134277850556       0.26222986770196288        321.50456320335030        12920653.592129547     
   161.52175542519817        4.2609208897143027       -3.6818080944869624       0.57911279522734005        342.98714564249269        13043269.306349019     
   161.86836863426512        3.9660100119453303       -3.7122976983266724       0.25371231361865748        319.24799563173428        9358579.6556832287     
   162.21498184333208        4.2656064829368949       -3.7284932497903958       0.53711323314649873        343.36431721799369        8988714.3665365968     
   162.56159505239899        4.2540188257077682       -3.7098505278566996       0.54416829785106868        342.43155700475063        10721666.426990239     
   162.90820826146594        4.2497202642274212       -3.8432451249022810       0.40647513932514034        342.08553994161485        6288193.7424827823     
   163.25482147053290        3.9078110643729826       -3.6505348047810808       0.25727625959190153        314.56321235978413        11412164.408477830     
   163.60143467959986        4.3861860133824049       -3.6590928628761068       0.72709315050629852        353.07048873369877        12880395.613454279     
   163.94804788866682        4.2193988097905706       -3.6812755529795371       0.53812325681103312        339.64478373463402        11287048.338385308     
   164.29466109773375        4.0460966392144604       -3.6355250644577408       0.41057157475671935        325.69464986497331        10165918.174257353     
   164.64127430680071        4.0606042825002282       -3.6766247506377594       0.38397953186246830        326.86245731537605        7775553.8502566442     
   164.98788751586764        4.1469853355466615       -3.7738501150779018       0.37313522046875991        333.81578773122789        4180374.3795397528     
   165.33450072493460        3.9029708790026603       -3.6951061116940744       0.20786476730858558        314.17359673266583        6818452.1451033577     
   165.68111393400156        4.0795178273292692       -3.7342992389792622       0.34521858835000696        328.38492227607350        6352695.6252644919     
   166.02772714306849        4.0641000730392918       -3.7611018380162831       0.30299823502300810        327.14385451795067        7475365.6090674056     
   166.37434035213545        3.8714385607625070       -3.6919871931878818       0.17945136757462543        311.63537081657620        9515748.8862657435     
   166.72095356120241        4.2256548373182667       -3.6360088385646057       0.58964599875366142        340.14836901122652        13801657.223083869     
   167.06756677026934        3.6615506094651944       -3.6346658015960123        2.6884807869182105E-002   294.74022744651404        9584234.9452647418     
   167.41417997933630        4.2664702919685267       -3.6514614830617216       0.61500880890680532        343.43385040150218        10900989.559258383     
   167.76079318840323        3.8043479719730429       -3.7526095497424645        5.1738422230578229E-002   306.23484587279683        5699612.6883945325     
   168.10740639747019        4.4074824476261085       -3.5562301421531712       0.85125230547293729        354.78476679298950        17346665.106603526     
   168.45401960653714        4.1610536339687645       -3.6574320090220547       0.50362162494670981        334.94822967153510        12153769.672771394     
   168.80063281560410        4.0992249257650570       -3.6710105611875732       0.42821436457748380        329.97126513864652        10610101.231198426     
   169.14724602467103        4.3946321924793450       -3.6882315637973466       0.70640062868199838        353.75037248066945        10651488.302754706     
   169.49385923373796        4.4707738196255207       -3.7126309248163070       0.75814289480921426        359.87946993058546        9709523.1085736901     
   169.84047244280492        4.5914365123815379       -3.7501749933020969       0.84126151907944124        369.59233568076337        9230648.6354051828     
   170.18708565187188        4.5636057637738805       -3.7720413608073784       0.79156440296650210        367.35207136393996        8995230.7931064945     
   170.53369886093884        4.3114084749594213       -3.7065464140769753       0.60486206088244598        347.05119498811814        10810320.503420120     
   170.88031207000580        4.2890298911032732       -3.6716806571878116       0.61734923391546170        345.24980819896888        12546430.858458208     
   171.22692527907273        4.4312467921420780       -3.8089285736841361       0.62231821845794211        356.69770179097861        7507291.6049823388     
   171.57353848813966        3.9035197240754691       -3.7241349689369292       0.17938475513853980        314.21777657307950        8848395.5167157259     
   171.92015169720662        4.1345726232653099       -3.5120915750113677       0.62248104825394213        332.81661387532750        20492204.219229676     
   172.26676490627358        4.1231003178871788       -3.6820026358261755       0.44109768206100319        331.89313902624428        13811822.536449278     
   172.61337811534054        4.1062574140829762       -3.6892860313856968       0.41697138269727918        330.53735241352410        12532788.686432375     
   172.95999132440747        4.1322317169324707       -3.6613854648667488       0.47084625206572228        332.62818024745729        14967582.464344757     
   173.30660453347443        3.8136027304423035       -3.5698624565221366       0.24374027392016676        306.97981703587209        18864022.516570285     
