  0.34661320906694887        103.48573214379586        20.628781885265830        124.11451402906170        8330.1888961153672        4124679372.7001152     
  0.69322641813389774        107.19469808138500        16.936823072626730        124.13152115401174        8628.7458684566755        3814060660.3229098     
   1.0398396272008466        108.15532922948654        15.958025731793098        124.11335496127965        8706.0728463637242        3759802966.6440310     
   1.3864528362677955        105.06989150685352        19.038170629796362        124.10806213664988        8457.7074096577326        3989887924.2913804     
   1.7330660453347442        105.54333869967618        18.584774478209454        124.12811317788565        8495.8180213029045        3944610162.9607954     
   2.0796792544016931        105.48191111952666        18.649372760761999        124.13128388028866        8490.8733459792948        3977568702.0063820     
   2.4262924634686422        104.08747432363054        20.028698440059795        124.11617276369034        8378.6267427725088        4059165310.9206338     
   2.7729056725355909        105.56619238550624        18.562899684903861        124.12909207041011        8497.6576519069786        3946633803.5628586     
   3.1195188816025397        104.14638167019122        19.981669807162891        124.12805147735411        8383.3685493390167        4048815059.7127113     
   3.4661320906694884        103.09793583502442        20.993249640202716        124.09118547522714        8298.9728391927238        4140742129.0901833     
   3.8127452997364375        100.70160930151218        23.433080977829171        124.13469027934134        8106.0781060985719        4323326378.6393948     
   4.1593585088033862        108.51073591422073        15.607831227508681        124.11856714172943        8734.6816676712260        3737722337.2623677     
   4.5059717178703353        111.27488165372617        12.834753291923171        124.10963494564935        8957.1843805522421        3523807276.2812023     
   4.8525849269372845        108.17906798616082        15.958716721785940        124.13778470794676        8707.9837216424621        3764897620.7470326     
   5.1991981360042328        108.48664280992087        15.638575605737536        124.12521841565841        8732.7422688212209        3746882719.4469347     
   5.5458113450711819        110.13891715039389        13.963633901037563        124.10255105143148        8865.7437665080688        3619001130.0164185     
   5.8924245541381302        105.57116957330169        18.541229407098509        124.11239898040019        8498.0582956831640        3963766749.9656310     
   6.2390377632050793        106.59193761311434        17.520840462329659        124.11277807544401        8580.2260536398007        3880289243.5111270     
   6.5856509722720284        111.09668295337933        13.029503660130842        124.12618661351016        8942.8400955558463        3550487114.4209137     
   6.9322641813389767        110.18701397838940        13.929732157182528        124.11674613557192        8869.6153694257500        3608990913.5628934     
   7.2788773904059259        106.57918000379088        17.548313036113338        124.12749303990424        8579.1991169469293        3869898720.3043242     
   7.6254905994728750        107.09973884279128        17.033741271707719        124.13348011449901        8621.1020283008384        3832310199.9207702     
   7.9721038085398241        109.47851618413492        14.645740922803729        124.12425710693866        8812.5841213845233        3653519121.5593271     
   8.3187170176067724        107.31106242482323        16.811462474363548        124.12252489918677        8638.1127342219570        3843432790.5603428     
   8.6653302266737207        106.68090490134890        17.429518528056889        124.11042342940577        8587.3875656783821        3861923815.6868834     
   9.0119434357406707        108.89812191881795        15.212138402651805        124.11026032146977        8765.8646967435070        3715190213.7761502     
   9.3585566448076190        105.92297068942352        18.197768618250134        124.12073930767365        8526.3768830908175        3916334903.1274571     
   9.7051698538745690        102.04713114770375        22.095926078864505        124.14305722656825        8214.3872508515051        4210150455.4936566     
   10.051783062941515        104.33035979372389        19.786749994434278        124.11710978815816        8398.1780548624483        4020689930.8627973     
   10.398396272008466        108.75857747978280        15.378023220755068        124.13660070053787        8754.6319256891366        3703098324.6134748     
   10.745009481075414        101.94871706360041        22.196831378265141        124.14554844186556        8206.4653094047371        4185659026.8767538     
   11.091622690142364        104.67276800708237        19.438224412963315        124.11099242004568        8425.7405510420595        4002408292.1146836     
   11.438235899209312        101.73106332138561        22.372348630400857        124.10341195178647        8188.9450508238124        4259689894.7345638     
   11.784849108276260        109.79468307818814        14.312430716981048        124.10711379516918        8838.0342959699610        3654163830.8832321     
   12.131462317343209        109.21677446362872        14.906007556754011        124.12278202038274        8791.5149563059877        3678462326.5969448     
   12.478075526410159        106.04188645984547        18.081930999644410        124.12381745948989        8535.9491285571348        3916949633.2963858     
   12.824688735477107        109.37070385851601        14.745364941698057        124.11606880021407        8803.9056589614411        3657611081.2044549     
   13.171301944544057        105.63686881029764        18.470851045178762        124.10771985547640        8503.3468223541295        3947062545.3513188     
   13.517915153611005        106.10850548205367        18.016745530299612        124.12525101235329        8541.3116942710039        3918223061.8844070     
   13.864528362677953        108.00091834297811        16.121505947619486        124.12242429059761        8693.6433855522118        3777822953.6547499     
   14.211141571744902        109.27903985367699        14.851925097519660        124.13096495119666        8796.5270719865493        3692099476.9136257     
   14.557754780811852        105.23024850154606        18.907041364412414        124.13728986595848        8470.6155084741567        3973463193.7915225     
   14.904367989878800        104.31426686526497        19.804710615888848        124.11897748115382        8396.8826382752795        4042506250.2994089     
   15.250981198945750        106.34876210251770        17.767045247107287        124.11580734962497        8560.6513944455801        3894488171.3266907     
   15.597594408012698        107.14751129202767        16.974393262287293        124.12190455431498        8624.9475200215347        3829547661.6840425     
   15.944207617079648        105.86923166645079        18.244119776580433        124.11335144303122        8522.0511059698365        3930085498.2672720     
   16.290820826146597        105.21937660781292        18.911419068507936        124.13079567632084        8469.7403643689795        3949182709.7789769     
   16.637434035213545        106.48948507075157        17.631811855871881        124.12129692662346        8571.9790324022924        3870038462.7282481     
   16.984047244280493        104.54311224807668        19.589234428280296        124.13234667635699        8415.3037793092590        4027694937.6134124     
   17.330660453347441        107.68979562202715        16.429136328779126        124.11893195080627        8668.5992467931264        3777659710.7448797     
   17.677273662414393        105.25065331809060        18.878552037299514        124.12920535539011        8472.2580148630623        3988153437.9845362     
   18.023886871481341        106.49600302502367        17.626524001713509        124.12252702673716        8572.5037017376490        3869771895.2868347     
   18.370500080548286        108.29271792101963        15.830324283199808        124.12304220421944        8717.1320883379740        3763716415.0128813     
   18.717113289615238        105.16713421470554        18.953625609390734        124.12075982409627        8465.5350599859084        3986437595.8499823     
   19.063726498682186        109.76414748425354        14.358012952941115        124.12216043719467        8835.5763023870695        3668348438.7657547     
   19.410339707749138        105.46549330264618        18.663054664663786        124.12854796730997        8489.5517771693449        3975571660.0945787     
   19.756952916816083        109.51556735187198        14.617431007450435        124.13299835932240        8815.5665926844540        3674291287.0845966     
   20.103566125883031        109.70716392829965        14.408390648002781        124.11555457630243        8830.9893532952992        3663151690.1039276     
   20.450179334949983        106.51301850943031        17.599490355495853        124.11250886492617        8573.8733804008807        3882345101.9172702     
   20.796792544016931        109.81538809356938        14.298997744786126        124.11438583835552        8839.7009671684882        3642665863.5703316     
   21.143405753083879        103.80476440364846        20.328136542414342        124.13290094606280        8355.8697212249972        4103792393.9379983     
   21.490018962150828        104.00206337612927        20.132818909148945        124.13488228527822        8371.7515019857583        4081694749.2069912     
   21.836632171217776        107.21981529701060        16.899578348097325        124.11939364510792        8630.7677041858278        3832900682.6217403     
   22.183245380284728        105.54004840636573        18.580333892545688        124.12038229891141        8495.5531658080236        3915634829.2229300     
   22.529858589351676        110.52298641812293        13.595715622296119        124.11870204041905        8896.6598114844874        3577646283.7133780     
   22.876471798418624        106.23094750286836        17.888542170225623        124.11948967309398        8551.1677888366867        3916077882.7404141     
   23.223085007485572        103.49142209838615        20.637515993694596        124.12893809208073        8330.6469147771259        4112336957.1984730     
   23.569698216552521        106.75894046346802        17.363447726317478        124.12238818978551        8593.6691173435283        3860560770.8867316     
   23.916311425619472        109.83807155210911        14.281868858398273        124.11994041050738        8841.5268951542967        3643078516.6466689     
   24.262924634686417        104.57332527133413        19.546940332689978        124.12026560402410        8417.7358072385523        4017467348.0184946     
   24.609537843753369        107.88168955629229        16.239957058026814        124.12164661431910        8684.0459435244793        3774674399.3994727     
   24.956151052820317        106.55006899181255        17.593204234773431        124.14327322658599        8576.8557965324817        3872910791.0622554     
   25.302764261887265        104.86873042454448        19.261233130677368        124.12996355522185        8441.5147444519353        3995628142.7110362     
   25.649377470954214        103.05417573617413        21.068215780919758        124.12239151709390        8295.4503256830430        4116053766.1534109     
   25.995990680021162        107.03341993122676        17.099324237773970        124.13274416900073        8615.7636202974081        3852843222.0170093     
   26.342603889088114        106.56998165101092        17.557909577535376        124.12789122854629        8578.4586862169836        3875044964.4665236     
   26.689217098155062        104.85089144194956        19.269448541043559        124.12033998299313        8440.0787774673881        4007828298.7656336     
   27.035830307222010        106.76132319461890        17.365975381443590        124.12729857606250        8593.8609177025191        3863804668.4632802     
   27.382443516288959        106.33584404393991        17.780918839599337        124.11676288353925        8559.6115422273579        3906750351.8925452     
   27.729056725355907        108.59989961203321        15.510623280600026        124.11052289263324        8741.8589898978498        3725641147.5051718     
   28.075669934422855        107.34764637251864        16.776602420114152        124.12424879263280        8641.0575961710892        3812070060.0663691     
   28.422283143489803        109.30427791492379        14.803483108048319        124.10776102297211        8798.5586353064591        3690584317.0918593     
   28.768896352556755        108.41794518217436        15.694601257960354        124.11254644013471        8727.2123836477913        3743277095.3579879     
   29.115509561623703        104.04599607320255        20.049654516480274        124.09565058968282        8375.2879089643320        4058204611.2911134     
   29.462122770690652        107.10341448693687        17.021165049225257        124.12457953616213        8621.3979030017599        3841639764.6380076     
   29.808735979757600        106.46461586565441        17.659154515971530        124.12377038162595        8569.9771605319966        3884792418.3306499     
   30.155349188824552        105.92263124774571        18.189233807476935        124.11186505522265        8526.3495593889256        3943708742.8037181     
   30.501962397891500        106.54697951090009        17.571930741351821        124.11891025225191        8576.6071056351120        3879613492.3193421     
   30.848575606958448        107.70747330108495        16.410482289608517        124.11795559069347        8670.0222294859632        3773610305.1527472     
   31.195188816025397        104.72564497477528        19.409030770950331        124.13467574572560        8429.9969361495605        4015764030.3457012     
   31.541802025092341        108.87542193286511        15.258779808670315        124.13420174153541        8764.0374383668295        3716873838.4381337     
   31.888415234159297        106.70162580980831        17.419660685915229        124.12128649572354        8589.0555162063465        3868809012.1376071     
   32.235028443226241        106.37159823579485        17.759139888387963        124.13073812418281        8562.4896121391193        3899600069.3221760     
   32.581641652293193        106.31282495705067        17.816267183339921        124.12909214039058        8557.7585974973827        3887247040.4591446     
   32.928254861360138        107.48594608672167        16.635966713257574        124.12191279997924        8652.1901718385179        3827435305.1099415     
   33.274868070427090        110.32584279355238        13.792594292242869        124.11843708579526        8880.7905356112169        3610933465.7313576     
   33.621481279494041        107.98866182483269        16.130711614044351        124.11937343887703        8692.6567847015922        3789805987.7184787     
   33.968094488560986        103.84783332112245        20.304353890545826        124.15218721166828        8359.3365973892487        4081289995.1841955     
   34.314707697627938        105.93704042835689        18.163601907432302        124.10064233578920        8527.5094409865396        3921229045.4140611     
   34.661320906694883        110.53858503431699        13.574444058033528        124.11302909235052        8897.9154379048941        3589853560.2111845     
   35.007934115761834        104.38559007042123        19.748538847415933        124.13412891783716        8402.6238719634421        4045339667.8042731     
   35.354547324828786        106.35786065683300        17.767897732002297        124.12575838883529        8561.3837917969631        3906407525.2829623     
   35.701160533895731        104.39223813215098        19.734076788704726        124.12631492085571        8403.1590144304719        4038247221.8941064     
   36.047773742962683        104.83487745636926        19.292514964046386        124.12739242041565        8438.7897154672446        4005822930.0953317     
   36.394386952029627        109.76800705979021        14.354616897675951        124.12262395746615        8835.8869828317365        3668705067.1179037     
   36.741000161096572        106.38309781180368        17.722730967550415        124.10582877935410        8563.4152821652588        3907637863.3028355     
   37.087613370163531        108.48090189512064        15.637789467430604        124.11869136255123        8732.2801480657145        3735757201.3682971     
   37.434226579230476        106.76350968866508        17.371985953331656        124.13549564199674        8594.0369217568696        3860371419.2439408     
   37.780839788297428        106.20855232120178        17.925077112561397        124.13362943376316        8549.3650659899649        3903031947.9370275     
   38.127452997364372        108.53811964816654        15.562613067341724        124.10073271550829        8736.8859490897757        3742885256.8207469     
   38.474066206431317        108.27848061697077        15.839070467982273        124.11755108495304        8715.9860421184458        3740292138.7837286     
   38.820679415498276        107.72326365186770        16.392155493639542        124.11541914550723        8671.2932897764149        3772466500.9721527     
   39.167292624565221        106.21918296007055        17.903662938106471        124.12284589817703        8550.2207900403137        3936799257.8230615     
   39.513905833632165        106.50529375266089        17.624412432623554        124.12970618528443        8573.2515682753565        3879758284.9950852     
   39.860519042699117        102.19425205266995        21.931160916130228        124.12541296880018        8226.2298972100671        4204150537.5652089     
   40.207132251766062        106.54934655063050        17.592657351323961        124.14200390195448        8576.7976428973088        3887280743.6151519     
   40.553745460833021        106.56077888682917        17.561108874185628        124.12188776101480        8577.7179003867786        3877179731.4448876     
   40.900358669899965        109.82951188111096        14.296529003462020        124.12604088457297        8840.8378757617102        3644903707.0902724     
   41.246971878966910        107.58541069583875        16.537365802996053        124.12277649883482        8660.1966763610180        3805162582.9602051     
   41.593585088033862        107.78665013404334        16.353339902438272        124.13999003648162        8676.3956489040447        3777576633.8061676     
   41.940198297100807        105.71114717304290        18.406263968404499        124.11741114144741        8509.3259344475991        3960403373.6727390     
   42.286811506167759        105.79203005981850        18.329332851460549        124.12136291127906        8515.8366843968524        3951270065.2414694     
   42.633424715234710        105.32681383479670        18.792029571983370        124.11884340678007        8478.3886328472490        3959603077.2742896     
   42.980037924301655        107.97972111050613        16.130349616029164        124.11007072653530        8691.9370928400822        3763175169.1002450     
   43.326651133368607        102.80722802965350        21.310068866599426        124.11729689625292        8275.5720197546379        4144274058.3911095     
   43.673264342435552        107.29551344946090        16.835593328524080        124.13110677798498        8636.8611036906168        3829570277.4923501     
   44.019877551502503        102.07265062365279        22.040685067417794        124.11333569107056        8216.4414669330981        4183527468.0763073     
   44.366490760569455        108.56186946318999        15.553017666888969        124.11488713007896        8738.7977145215373        3727420653.8287797     
   44.713103969636400        105.24242010681898        18.874857113617029        124.11727722043601        8471.5952741770416        3989584978.4919987     
   45.059717178703352        110.41411517833789        13.698110234874726        124.11222541321261        8887.8961106923507        3595334660.1408391     
   45.406330387770296        106.80966751612394        17.303687621785006        124.11335513790893        8597.7524428610977        3869459278.3137116     
   45.752943596837248        108.94508070301342        15.176605287737820        124.12168599075122        8769.6446916720506        3720520636.2299891     
   46.099556805904200        108.27102901669585        15.859168781058129        124.13019779775398        8715.3862180018023        3754790257.9288583     
   46.446170014971145        108.93998862717311        15.186947135925490        124.12693576309860        8769.2347998662481        3706931807.3022223     
   46.792783224038089        106.95398711888572        17.159414745937600        124.11340186482333        8609.3695955594740        3854727554.2323241     
   47.139396433105041        104.92157073215380        19.200594378739659        124.12216511089346        8445.7681785688510        4014545115.8405676     
   47.486009642171993        100.81844011025738        23.284073282415509        124.10251339267289        8115.4825204615208        4309137998.1187382     
   47.832622851238945        108.14104545963690        15.971081353639054        124.11212681327595        8704.9230598324684        3777668092.2318916     
   48.179236060305890        101.98376515651400        22.153770687291807        124.13753584380579        8209.2865411665516        4222524048.8689232     
   48.525849269372834        106.90560821793261        17.214566288911744        124.12017450684434        8605.4752868931755        3826873089.3384900     
   48.872462478439786        104.63681367055339        19.477681878832470        124.11449554938586        8422.8463702819063        4031114814.3302612     
   49.219075687506738        109.09210383579327        15.039413252380269        124.13151708817354        8781.4794677593763        3701596216.0067630     
   49.565688896573683        105.14346785341185        18.975156830642241        124.11862468405410        8463.6300122467092        3984445808.6612601     
   49.912302105640634        105.06155387218917        19.077098355515396        124.13865222770454        8457.0362633048771        4008575070.2128406     
   50.258915314707579        107.27009412176389        16.828958424419675        124.09905254618356        8634.8149491440745        3844256294.2687659     
   50.605528523774531        108.14699871206889        15.972471648399825        124.11947036046870        8705.4022729208555        3772491224.7704377     
   50.952141732841483        104.24573208411184        19.875724465076821        124.12145654918865        8391.3658616034354        4045409893.2474346     
   51.298754941908427        105.99661562906502        18.125951485969836        124.12256711503485        8532.3050071495454        3942843168.9586120     
   51.645368150975379        109.69805656394065        14.420999469274056        124.11905603321470        8830.2562467705175        3646043776.6075678     
   51.991981360042324        104.72097308612463        19.403399910566353        124.12437299669099        8429.6208677374689        4023536669.2852769     
   52.338594569109276        104.67707140633334        19.447309284691709        124.12438069102504        8426.0869575264442        4034748150.4000554     
   52.685207778176228        109.05598417524263        15.087428613914513        124.14341278915713        8778.5719790745370        3714941842.3921928     
   53.031820987243172        106.30820720486454        17.798135875714209        124.10634308057877        8557.3868868548725        3894633347.4175162     
   53.378434196310124        106.15488145684418        17.964507521533854        124.11938897837803        8545.0447753657918        3924950091.8240228     
   53.725047405377069        107.71230798110500        16.418247125384291        124.13055510648928        8670.4114019543322        3801081169.9772172     
   54.071660614444021        106.83007697808209        17.311872811597990        124.14194978968010        8599.3953231872783        3847832555.6566520     
   54.418273823510972        109.26229713022002        14.872912577665476        124.13520970788551        8795.1793494924168        3689674554.8830080     
   54.764887032577917        110.88374127156715        13.241494903655685        124.12523617522282        8925.6991390529020        3568175578.1549249     
   55.111500241644869        104.53231790573092        19.589869952413569        124.12218785814449        8414.4348777816103        4029249821.4958010     
   55.458113450711814        107.17408898382146        16.947238870317019        124.12132785413847        8627.0869182601000        3822077283.6560450     
   55.804726659778765        107.59118966973472        16.528939382874693        124.12012905260941        8660.6618607220098        3786425406.5255365     
   56.151339868845710        107.71544977009580        16.411123553755065        124.12657332385086        8670.6643034434837        3798234657.0196805     
   56.497953077912662        103.12637157317894        20.980365852303194        124.10673742548212        8301.2618027563021        4144258006.8304682     
   56.844566286979607        104.90906156149987        19.212832346336814        124.12189390783669        8444.7612401984843        4010662738.1813593     
   57.191179496046558        108.02401800907988        16.095086240635741        124.11910424971563        8695.5028165875701        3770244309.1830492     
   57.537792705113510        109.64224381288864        14.491996557269697        124.13424037015834        8825.7635428059839        3655074843.3457155     
   57.884405914180455        102.96447854615089        21.170140518257249        124.13461906440814        8288.2300594601966        4135277431.3964128     
   58.231019123247407        104.40065058726225        19.719893438704212        124.12054402596645        8403.8361835310352        4045271576.4605474     
   58.577632332314352        106.00490336878183        18.116959815486258        124.12186318426808        8532.9721371580272        3924534085.7954407     
   58.924245541381303        103.62979077866822        20.505514371735565        124.13530515040378        8341.7850419389852        4071122807.9349623     
   59.270858750448255        106.91200387178907        17.200223219385034        124.11222709117411        8605.9901115326193        3850622082.1274929     
   59.617471959515200        104.90222054761206        19.215108880444667        124.11732942805673        8444.2105658519267        4002022612.2423410     
   59.964085168582152        107.46501352077033        16.668327217531445        124.13334073830177        8650.5051837262163        3807653720.8652568     
   60.310698377649103        109.03631036474603        15.083850523666520        124.12016088841254        8776.9883157583663        3680955963.7502103     
   60.657311586716048        107.66296609976278        16.468253011238296        124.13121911100107        8666.4395772055905        3800632976.3008628     
   61.003924795783000        104.22753934137502        19.896466874225823        124.12400621560084        8389.9014183377149        4054069275.5224214     
   61.350538004849945        107.45875426003605        16.662341346503585        124.12109560653963        8650.0013381893823        3818597808.4845309     
   61.697151213916896        107.72314122130869        16.399180782189987        124.12232200349868        8671.2834346044801        3786416669.0442095     
   62.043764422983848        107.77851335798614        16.337798389595385        124.11631174758152        8675.7406708683502        3787347779.0413208     
   62.390377632050793        109.62800837960221        14.498428532326542        124.12643691192876        8824.6176471753752        3641537141.8202314     
   62.736990841117745        108.29777985270535        15.825350060422993        124.12312991312834        8717.5395536594988        3742681654.8467717     
   63.083604050184682        104.42030593404044        19.712692241195668        124.13299817523612        8405.4183605914786        4034039244.3690357     
   63.430217259251641        106.53719317126328        17.593035201926149        124.13022837318944        8575.8193443071759        3876094318.4753447     
   63.776830468318593        110.17286000221077        13.957467540967420        124.13032754317818        8868.4760307675951        3585748042.1262946     
   64.123443677385538        105.56271507889461        18.556748502377850        124.11946358127247        8497.3777425868775        3958477824.0657477     
   64.470056886452483        107.39131959212341        16.720994799196333        124.11231439131976        8644.5731162478460        3817047176.2212358     
   64.816670095519427        110.10112043734055        14.011213859463458        124.11233429680401        8862.7012817822597        3634165120.3218756     
   65.163283304586386        104.39327832112153        19.736576355165585        124.12985467628712        8403.2427454959325        4015338753.8828168     
   65.509896513653331        111.63246677266625        12.492818199397759        124.12528497206401        8985.9685571290847        3509783496.8059511     
   65.856509722720276        104.85827989220471        19.276594355238736        124.13487424744342        8440.6735182591838        4011225995.9986839     
   66.203122931787235        108.45396482536290        15.653334594966520        124.10729942032943        8730.1118213336958        3740474112.3663888     
   66.549736140854179        107.79702023355388        16.325358276303728        124.12237850985760        8677.2304005746828        3797367741.6092243     
   66.896349349921124        109.14322687222595        14.986424861360939        124.12965173358690        8785.5946683924012        3699256764.5892558     
   67.242962558988083        106.68133734744946        17.444252663015988        124.12559001046546        8587.4223758655480        3851648997.0935736     
   67.589575768055028        105.61899690300223        18.507866424566917        124.12686332756914        8501.9082050624456        3964214948.5124521     
   67.936188977121972        108.25955375475255        15.878744074803553        124.13829782955611        8714.4625051610092        3745688622.2620902     
   68.282802186188917        104.10005221904957        20.009125035194959        124.10917725424454        8379.6392132124965        4046687750.0724339     
   68.629415395255876        106.89258207573464        17.222304690806535        124.11488676654119        8604.4267343743995        3831785630.9692378     
   68.976028604322821        107.88242243428661        16.244551253950771        124.12697368823738        8684.1049372814359        3778454756.0527668     
   69.322641813389765        104.85002360845722        19.279295553121724        124.12931916157893        8440.0089203308344        4008197397.8051834     
   69.669255022456724        107.99089383108118        16.139088972108190        124.12998280318938        8692.8364523067976        3764878402.5342107     
   70.015868231523669        104.59412325758520        19.518730076077230        124.11285333366243        8419.4099622214781        4027764313.4402547     
   70.362481440590614        102.62890328801987        21.485348891935821        124.11425217995571        8261.2175889371138        4159662164.3993611     
   70.709094649657573        106.14736712390847        17.969735994942134        124.11710311885061        8544.4399015200343        3923398387.0742936     
   71.055707858724517        108.03248081278630        16.092003118420678        124.12448393120698        8696.1840385493324        3772846558.5903234     
   71.402321067791462        105.17032863746022        18.959678434479333        124.13000707193956        8465.7921982832322        3963363119.8182139     
   71.748934276858407        105.12985612227007        19.004442025726533        124.13429814799659        8462.5343221523817        3978827274.6070986     
   72.095547485925366        104.38687786907258        19.742783144217302        124.12966101328988        8402.7275346211209        4029193893.0885816     
   72.442160694992310        103.88534197032358        20.226161404804639        124.11150337512821        8362.3558941233077        4066787146.4013004     
   72.788773904059255        106.00622173238038        18.101396457644881        124.10761819002528        8533.0782601721112        3944490742.6905389     
   73.135387113126214        106.59982679829440        17.539274622692520        124.13910142098692        8580.8611015968963        3883255110.8553352     
   73.482000322193144        104.73894170039482        19.394230667176668        124.13317236757149        8431.0672695551038        4006752252.4931083     
   73.828613531260103        104.55684289942553        19.550851494968398        124.10769439439392        8416.4090420061839        4010898411.0698819     
   74.175226740327062        108.28701773384756        15.853213868816779        124.14023160266434        8716.6732459941759        3748036101.9297934     
   74.521839949393993        111.92542645777056        12.201812838726134        124.12723929649670        9009.5506439086839        3505125323.5261836     
   74.868453158460952        105.82768964834418        18.307606424864126        124.13529607320829        8518.7071391177396        3923193678.2402034     
   75.215066367527896        109.83700116441588        14.278281998067342        124.11528316248322        8841.4407332120463        3642008905.9563618     
   75.561679576594855        106.21225746870635        17.905613642068108        124.11787111077446        8549.6633155936706        3890250492.5297556     
   75.908292785661800        105.11684723120790        19.020325476727077        124.13717270793498        8461.4871582812666        3972967654.0691633     
   76.254905994728745        105.64318719050377        18.476283111186977        124.11947030169075        8503.8554267727704        3959612660.4628224     
   76.601519203795704        107.36681831840359        16.741110918931227        124.10792923733483        8642.6008613866834        3820356885.7624850     
   76.948132412862634        107.29080650509253        16.825585351850446        124.11639185694297        8636.4822134329970        3840397559.2348409     
   77.294745621929593        107.65300151527147        16.461241194624932        124.11424270989640        8665.6374678774318        3800309802.9404178     
   77.641358830996552        107.06076819923928        17.074297800337973        124.13506599957725        8617.9650468497111        3832182682.0047388     
   77.987972040063482        107.02250112241649        17.099575751308475        124.12207687372495        8614.8846997155470        3836525531.1000996     
   78.334585249130441        103.20710951684225        20.911320454163057        124.11842997100530        8307.7608853628280        4129095383.8416038     
   78.681198458197386        107.12872784371962        16.981570623900446        124.11029846762005        8623.4355273121528        3843089545.4013743     
   79.027811667264331        106.40411444237887        17.722795809684008        124.12691025206287        8565.1070371446604        3890007634.0377722     
   79.374424876331290        103.35625475100841        20.765231022585333        124.12148577359372        8319.7664821520866        4133919724.2233586     
   79.721038085398234        107.41733453640951        16.717076717574631        124.13441125398415        8646.6672155554115        3804680893.6638598     
   80.067651294465179        108.67928448846489        15.429254784484598        124.10853927294947        8748.2491559861737        3721413183.3977780     
   80.414264503532124        107.05236419927141        17.062339054827955        124.11470325409935        8617.2885583544848        3841691814.1988087     
   80.760877712599083        109.31419690563739        14.808490303283895        124.12268720892128        8799.3570745172710        3689336371.1522532     
   81.107490921666042        102.96259293643132        21.155769766669025        124.11836270310035        8288.0782753946733        4145420163.3157415     
   81.454104130732972        107.68589877112130        16.438785258576420        124.12468402969772        8668.2855658298358        3807276208.7071147     
   81.800717339799931        106.74914650609746        17.388303856616421        124.13745036271388        8592.8807428183918        3878789901.1223478     
   82.147330548866876        106.98580598697619        17.147515978601323        124.13332196557752        8611.9308875961979        3850820918.0014653     
   82.493943757933820        105.77107856232541        18.345157384071783        124.11623594639720        8514.1501723709116        3938252595.5524220     
   82.840556967000779        110.39840144096651        13.714234336015418        124.11263577698192        8886.6312174760988        3602898891.6124482     
   83.187170176067724        102.82144384686050        21.292434933610757        124.11387878047128        8276.7163363690543        4149481373.9967856     
   83.533783385134669        110.09971838162423        14.009176282242727        124.10889466386695        8862.5884218863303        3596256139.1156664     
   83.880396594201613        108.54664266011331        15.571347680438970        124.11799034055227        8737.5720175748665        3739690404.9839063     
   84.227009803268572        104.01237016301373        20.114062216178446        124.12643237919217        8372.5811572423900        4051819091.0074964     
   84.573623012335517        109.64976858247698        14.453321147793265        124.10308973027023        8826.3692567606704        3648937482.5112362     
   84.920236221402462        105.69405634662886        18.431704095435734        124.12576044206459        8507.9501910531180        3958395151.1222425     
   85.266849430469421        105.81921315603655        18.305466769135808        124.12467992517237        8518.0248152781514        3922131855.4327660     
   85.613462639536365        107.56694935079841        16.558561496127460        124.12551084692586        8658.7106116806372        3816596371.9731708     
   85.960075848603310        106.33240706341731        17.783162680397929        124.11556974381524        8559.3348789966640        3911364961.6763616     
   86.306689057670269        106.16410658508507        17.947058376871048        124.11116496195612        8545.7873614136024        3927582556.2278671     
   86.653302266737214        109.09946124149232        15.024640667535326        124.12410190902763        8782.0717095881664        3695756526.9116144     
   86.999915475804158        108.13354630794025        15.978039126519716        124.11158543445997        8704.3194080159356        3772994209.0740018     
   87.346528684871103        103.84163668516291        20.302508901675932        124.14414558683885        8358.8377928971313        4056603290.8296142     
   87.693141893938062        107.69890989178162        16.426249359524551        124.12515925130619        8669.3329091747146        3796531163.2741919     
   88.039755103005007        106.53543689282040        17.581531285600061        124.11696817842048        8575.6779708938539        3906036319.1243992     
   88.386368312071951        104.43045334778179        19.694305544290089        124.12475889207188        8406.2351869454251        4029734188.3087502     
   88.732981521138910        109.99579020075311        14.123626967457833        124.11941716821093        8854.2226176314689        3627932118.6543775     
   89.079594730205855        107.87805996902621        16.241516396992910        124.11957636601913        8683.7537762187549        3801583080.8991399     
   89.426207939272800        107.06732775307060        17.065556161860066        124.13288391493067        8618.4930647837518        3844976685.0226054     
   89.772821148339759        107.01932569184710        17.083707860140532        124.10303355198765        8614.6290902134315        3853184069.1680694     
   90.119434357406703        106.70960037804633        17.410100960221943        124.11970133826827        8589.6974371592296        3886017363.6547680     
   90.466047566473648        107.57976479274238        16.548435234274997        124.12820002701737        8659.7422036689113        3802849482.1468477     
   90.812660775540593        109.42752020057837        14.698749344738648        124.12626954531702        8808.4791480015356        3673877419.4571676     
   91.159273984607552        107.03190448928680        17.087423432742273        124.11932792202907        8615.6416332624867        3851287320.5837350     
   91.505887193674496        105.40045035050589        18.731765146590810        124.13221549709669        8484.3160788130081        3986416976.8280220     
   91.852500402741441        106.51161281087735        17.620562773949967        124.13217558482731        8573.7602272711247        3873799775.1990886     
   92.199113611808400        108.55588882567930        15.566857886818726        124.12274671249804        8738.3162970434842        3720323349.8758383     
   92.545726820875331        106.31888933089085        17.803976208032644        124.12286553892349        8558.2467554161503        3893071212.0963287     
   92.892340029942289        104.45039434925560        19.673761558351185        124.12415590760679        8407.8403580701124        4037216293.4141159     
   93.238953239009248        106.20603827471304        17.904346859511016        124.11038513422406        8549.1626952697607        3917151721.3082991     
   93.585566448076179        105.65401716086180        18.464558149075327        124.11857530993713        8504.7271962133782        3939332884.5970693     
   93.932179657143138        106.18081398117720        17.947452033345840        124.12826601452304        8547.1322401956950        3877309259.4609585     
   94.278792866210082        105.01427629675808        19.098670302257343        124.11294659901542        8453.2306069527131        3988486766.6300039     
   94.625406075277041        105.10900882870071        19.006078326446559        124.11508715514728        8460.8561981268958        3970472328.7466130     
   94.972019284343986        106.80445209406254        17.316131223237047        124.12058331729959        8597.3326221762109        3868488191.2566257     
   95.318632493410931        107.69154969200980        16.434258422476848        124.12580811448666        8668.7404424342039        3784240533.8580265     
   95.665245702477890        102.70132003035756        21.411258474069918        124.11257850442749        8267.0468480090422        4188292090.3677573     
   96.011858911544820        108.10805258580892        16.024689892862511        124.13274247867142        8702.2672650139993        3776834623.8419323     
   96.358472120611779        109.94237117183023        14.178700708380889        124.12107188021113        8849.9225987558584        3630551402.3359866     
   96.705085329678738        103.23515982934711        20.892774520138722        124.12793434948584        8310.0188236980957        4104531598.7076340     
   97.051698538745669        105.03349575091188        19.093232214892947        124.12672796580485        8454.7776963945616        4000263900.3365474     
   97.398311747812627        102.07191333078073        22.054429998441734        124.12634332922246        8216.3821177960854        4234998936.0712352     
   97.744924956879572        105.55946035237913        18.551097781054132        124.11055813343329        8497.1157500772097        3948661119.5506134     
   98.091538165946517        109.91548314808462        14.212175545647792        124.12765869373241        8847.7582200322977        3668201575.3542299     
   98.438151375013476        110.24775518597053        13.865376318860656        124.11313150483119        8874.5047944937960        3611507370.7011943     
   98.784764584080420        102.13714692211504        21.990790851876845        124.12793777399187        8221.6331618475651        4201217806.3498116     
   99.131377793147365        108.68111447710100        15.448686257568353        124.12980073466936        8748.3964627762107        3723464910.0756016     
   99.477991002214310        106.75711970437546        17.360483905027110        124.11760360940255        8593.5225534949550        3869519634.9511938     
   99.824604211281269        103.47518989475692        20.647909681717380        124.12309957647430        8329.3402870939608        4098735882.0235167     
   100.17121742034823        108.93651159960243        15.194909386772459        124.13142098637489        8768.9549130078303        3716921136.0103621     
   100.51783062941516        106.72967921307655        17.405847906368802        124.13552711944537        8591.3137033357416        3868378469.4451518     
   100.86444383848212        104.67573280130621        19.423627446747439        124.09936024805366        8425.9792051580516        4035584707.9997787     
   101.21105704754906        108.43167098355649        15.691371261949334        124.12304224550583        8728.3172559417308        3751575176.5319533     
   101.55767025661601        104.93049930360668        19.206247476493115        124.13674678009978        8446.4868929774366        3992196685.2622890     
   101.90428346568297        107.32804943694411        16.786718130480502        124.11476756742462        8639.4801209796879        3838658065.7207308     
   102.25089667474991        108.16664415429877        15.964997851420497        124.13164200571926        8706.9836527046427        3750511460.5922184     
   102.59750988381685        103.84999275633683        20.277691361394304        124.12768411773114        8359.5104233155107        4063655738.7438107     
   102.94412309288380        107.35424514827068        16.758693710542651        124.11293885881332        8641.5887713133907        3807882340.5931787     
   103.29073630195076        108.86756177813962        15.244427476596639        124.11198925473627        8763.4047272455991        3721187028.8745775     
   103.63734951101770        105.97674937939695        18.143240401612637        124.11998978100959        8530.7058532472238        3950658652.2618408     
   103.98396272008465        105.29176852799448        18.835579295179230        124.12734782317372        8475.5676253562924        3941132268.5261045     
   104.33057592915161        105.47852627215384        18.647105089432763        124.12563136158661        8490.6008792593348        3948670727.9969864     
   104.67718913821855        107.12223268188519        17.003277696259367        124.12551037814457        8622.9126926771678        3845458985.2241178     
   105.02380234728550        107.52339399909674        16.605049396433177        124.12844339552991        8655.2045795002050        3811470040.2705460     
   105.37041555635246        105.96985428822839        18.150326979821280        124.12018126804966        8530.1508258951417        3932994651.9990520     
   105.71702876541940        107.83464764653931        16.294268399361261        124.12891604590055        8680.2592573199327        3784235211.6657481     
   106.06364197448634        104.94099359616781        19.180161431932934        124.12115502810074        8447.3316416935595        4010319869.4582276     
   106.41025518355329        105.76455529123632        18.358798340756763        124.12335363199308        8513.6250750529798        3936191997.9987702     
   106.75686839262025        108.97431861611622        15.143157046442427        124.11747566255865        8771.9982271211320        3699660097.1220303     
   107.10348160168719        106.61457770538850        17.508459809600211        124.12303751498871        8582.0484908141079        3872459398.0847702     
   107.45009481075414        107.12475047189113        16.994951906406037        124.11970237829718        8623.1153647355823        3858068955.6804357     
   107.79670801982110        108.03096905407982        16.090436381990681        124.12140543607050        8696.0623480000213        3765040791.5664563     
   108.14332122888804        109.42925730906197        14.684572285344169        124.11382959440614        8808.6189783095560        3681925435.2262220     
   108.48993443795499        108.93684845118484        15.168408293369160        124.10525674455400        8768.9820282173714        3701139895.5300756     
   108.83654764702194        105.43591171677548        18.687745114664668        124.12365683144013        8487.1705774324837        3976684117.0692539     
   109.18316085608889        105.96990495510370        18.149073491952759        124.11897844705645        8530.1549043766227        3913883646.4180179     
   109.52977406515583        108.09966086024490        16.032987128810280        124.13264798905517        8701.5917645593508        3757157183.9396925     
   109.87638727422278        109.58037444226645        14.533568683584020        124.11394312585045        8820.7833051105063        3652433533.5781341     
   110.22300048328974        107.23590276563468        16.899132199466944        124.13503496510162        8632.0626812780556        3835395918.1205168     
   110.56961369235668        106.14158284312087        17.990690006283206        124.13227284940407        8543.9742899754201        3900022255.5185413     
   110.91622690142363        106.13463317588899        17.972742668708761        124.10737584459775        8543.4148694678079        3898454806.4705758     
   111.26284011049059        105.85623531183468        18.253030412142685        124.10926572397737        8521.0049512326550        3945479458.2015634     
   111.60945331955753        107.46676663272704        16.652366911908931        124.11913354463596        8650.6463022500266        3823654321.3297009     
   111.95606652862446        109.89685125011401        14.229389904476157        124.12624115459016        8846.2584265209298        3630049489.2008257     
   112.30267973769142        106.85647216981633        17.272716465519270        124.12918863533561        8601.5200308985768        3836748589.5877643     
   112.64929294675837        106.35093722801639        17.777599283565777        124.12853651158215        8560.8264833771791        3879202627.7903538     
   112.99590615582532        107.51598481463786        16.609533497020873        124.12551831165872        8654.6081696876627        3809591850.1212697     
   113.34251936489228        107.43289736294189        16.693063784213802        124.12596114715569        8647.9199610507221        3796342557.3773646     
   113.68913257395921        106.83859770123172        17.281117613692214        124.11971531492392        8600.0812074333226        3846593267.4125457     
   114.03574578302616        103.97095396291749        20.139930201153938        124.11088416407144        8369.2473182385602        4068356156.9500051     
   114.38235899209312        106.12676886799440        17.991156962391376        124.11792583038577        8542.7818240330216        3937788378.2893834     
   114.72897220116008        107.64896690335594        16.480476676709792        124.12944358006573        8665.3126977020402        3791156921.5278258     
   115.07558541022702        103.69004713305520        20.428098449341025        124.11814558239624        8346.6354382577501        4102862055.8263412     
   115.42219861929395        105.56306999146891        18.575897447160781        124.13896743862969        8497.4063116342641        3947129823.8240891     
   115.76881182836091        108.86060465336824        15.268827498568349        124.12943215193660        8762.8447064357842        3691202917.2973361     
   116.11542503742785        106.04385971934867        18.078398076421593        124.12225779577025        8536.1079680808270        3926418358.4062343     
   116.46203824649481        105.13416477546191        18.986592441262832        124.12075721672474        8462.8811515580619        3977235074.2313528     
   116.80865145556177        104.81996376785365        19.298932295259135        124.11889606311279        8437.5892229945221        4002596531.2877831     
   117.15526466462870        104.83173875829850        19.296681969103897        124.12842072740240        8438.5370627848333        4011396097.9596405     
   117.50187787369565        105.24105152863240        18.879120598327596        124.12017212696001        8471.4851090888023        3971230816.2844229     
   117.84849108276261        106.45944373368486        17.655686732875484        124.11513046656034        8569.5608245269304        3915918350.0665841     
   118.19510429182955        108.63462993207077        15.491284987512119        124.12591491958288        8744.6546422099327        3735506610.6962881     
   118.54171750089651        109.62289411881279        14.500882292256797        124.12377641106960        8824.2059695696098        3649090334.1201711     
   118.88833070996347        110.57730006417958        13.545736548061766        124.12303661224135        8901.0318434730143        3598486982.9269838     
   119.23494391903040        105.18343945608824        18.945094114910749        124.12853357099898        8466.8475669170675        3967399461.3217101     
   119.58155712809734        108.05930629327445        16.053607442780791        124.11291373605523        8698.3433827899935        3783361599.1091132     
   119.92817033716430        107.31301815364341        16.813574068004787        124.12659222164820        8638.2701625955524        3827793778.6262717     
   120.27478354623126        106.06628760518785        18.050257477722784        124.11654508291063        8537.9133234830715        3930961596.4242835     
   120.62139675529821        105.94970670640268        18.190837697550364        124.14054440395303        8528.5290258756468        3932988927.6583877     
   120.96800996436514        109.92609582275574        14.193487116574248        124.11958293932999        8848.6124980363475        3641659012.3976793     
   121.31462317343210        103.78115726557789        20.348180394785224        124.12933766036313        8353.9694407191655        4085477586.5771494     
   121.66123638249904        105.38268027567534        18.746935879128962        124.12961615480431        8482.8856586287948        3994180066.3955312     
   122.00784959156600        105.24783188241706        18.850924142250584        124.09875602466765        8472.0309005388754        3982615679.3067632     
   122.35446280063296        109.23750893306944        14.893866295336693        124.13137522840614        8793.1839984388862        3679936422.9303598     
   122.70107600969989        104.67714789308896        19.453825854450415        124.13097374753937        8426.0931144053611        4032911844.5644536     
   123.04768921876683        102.72726997165124        21.410056619574799        124.13732659122606        8269.1357148348470        4172734789.3690948     
   123.39430242783379        105.22916508978622        18.904450066504872        124.13361515629109        8470.5282981464643        3984294154.9271278     
   123.74091563690074        105.86091978930469        18.262986206308700        124.12390599561340        8521.3820329945192        3942076657.3032465     
   124.08752884596770        104.37508107714291        19.752025350250676        124.12710642739357        8401.7779398981893        4052225467.9294872     
   124.43414205503463        108.37874839940383        15.734387437022374        124.11313583642621        8724.0571988910669        3747194044.5528150     
   124.78075526410159        109.50810054476985        14.606579542946085        124.11468008771593        8814.9655444788423        3660628721.9389868     
   125.12736847316853        106.09979770784724        18.035633684713748        124.13543139256099        8540.6107531605558        3904272306.0431895     
   125.47398168223549        109.01204401446543        15.114263135161016        124.12630714962644        8775.0349712975512        3697326600.8733230     
   125.82059489130245        104.86108852403862        19.257439457522654        124.11852798156129        8440.8996019253245        3996310120.4789891     
   126.16720810036936        103.59945292780675        20.516544931158830        124.11599785896557        8339.3429658851855        4091933603.1078410     
   126.51382130943632        103.68374747903694        20.439388062511174        124.12313554154811        8346.1283412225803        4073066564.2581072     
   126.86043451850328        105.60950370608367        18.509035021539425        124.11853872762310        8501.1440405547291        3950255728.5775332     
   127.20704772757023        107.57962933010492        16.550614101134745        124.13024343123966        8659.7312994666136        3796931016.0876675     
   127.55366093663719        107.60229820268982        16.515057344553725        124.11735554724356        8661.5560533412045        3808181045.0568409     
   127.90027414570412        106.99299941232279        17.136806038292665        124.12980545061544        8612.5099296603130        3841064122.7555709     
   128.24688735477108        109.55676021485206        14.549108188275527        124.10586840312759        8818.8824539407597        3669822398.5025191     
   128.59350056383803        108.61575029694974        15.494389051099187        124.11013934804892        8743.1349068455493        3723253190.7336559     
   128.94011377290497        106.39722791678227        17.727804733202628        124.12503264998490        8564.5526992869745        3894634684.6555328     
   129.28672698197192        105.11858661766234        19.001185530634597        124.11977214829695        8461.6271719568595        3994223325.2401690     
   129.63334019103885        105.04971503218002        19.061282004545983        124.11099703672600        8456.0832838791721        3983839991.5712228     
   129.97995340010581        103.07393336319797        21.059966910110994        124.13390027330894        8297.0407358955235        4098640487.5264020     
   130.32656660917277        103.27987721271928        20.836995855134930        124.11687306785423        8313.6183947956124        4115182751.4178624     
   130.67317981823973        108.61274471316915        15.511042143955606        124.12378685712476        8742.8929693328446        3737652646.0709209     
   131.01979302730666        109.29062957169818        14.822271329493464        124.11290090119164        8797.4599980853363        3673310471.8240705     
   131.36640623637359        103.25112825809356        20.860281139720868        124.11140939781443        8311.3042185547238        4133698000.0078239     
   131.71301944544055        106.12465364661485        17.990928673521832        124.11558232013667        8542.6115571442078        3922522019.5953212     
   132.05963265450751        111.17169238656062        12.950459071818949        124.12215145837958        8948.8780559050319        3547926626.6337337     
   132.40624586357447        107.51402179282758        16.598475318793426        124.11249711162098        8654.4501542574380        3801384345.2971148     
   132.75285907264143        104.87421144018421        19.259896752664126        124.13410819284834        8441.9559443610979        4012392268.8259606     
   133.09947228170836        108.94838393551956        15.186036518607757        124.13442045412732        8769.9105887205988        3694769091.3645210     
   133.44608549077529        106.63670281938506        17.497641340786547        124.13434416017161        8583.8294742900089        3860369042.4485149     
   133.79269869984225        106.43677715227346        17.672061373850447        124.10883852612392        8567.7362550826747        3887953232.6536050     
   134.13931190890921        105.77196435239583        18.344057904600167        124.11602225699598        8514.2214749404138        3935823715.8807096     
   134.48592511797617        107.60672180705259        16.508246193278122        124.11496800033072        8661.9121358578959        3788634577.1579223     
   134.83253832704310        105.05917545422926        19.062839124496112        124.12201457872537        8456.8448101405666        4005904343.1767602     
   135.17915153611006        104.23052393731174        19.888433704299381        124.11895764161113        8390.1416664126591        4043318548.6714921     
   135.52576474517699        110.90212796016148        13.220508866776948        124.12263682693843        8927.1791941869960        3556634612.8813996     
   135.87237795424394        103.22556503674834        20.894622692510691        124.12018772925904        8309.2464811431255        4127622846.1578021     
   136.21899116331090        105.76566790536515        18.359902690380284        124.12557059574543        8513.7146360549632        3938199021.5525494     
   136.56560437237783        105.03768645277160        19.088169942157773        124.12585639492934        8455.1150311882120        4000414597.3066392     
   136.91221758144479        109.30203617637022        14.817757668674910        124.11979384504512        8798.3781842894932        3675799368.2117648     
   137.25883079051175        108.66239593217301        15.453524083382282        124.11592001555530        8746.8896945301876        3732558782.7267094     
   137.60544399957871        104.82994384197460        19.297946746307154        124.12789058828176        8438.3925791761176        3992923810.6401248     
   137.95205720864564        108.25276550058931        15.861647620292514        124.11441312088182        8713.9160777619545        3753674932.9181819     
   138.29867041771257        104.94093100954105        19.191224226187625        124.13215523572869        8447.3266037196045        3981421843.5500889     
   138.64528362677953        100.59006693267129        23.545423046611685        124.13548997928297        8097.0993900657795        4308510421.9019451     
   138.99189683584649        105.77344014792317        18.354901724107016        124.12834187203018        8514.3402705971694        3941758938.3505721     
   139.33851004491345        102.26022569282578        21.869260850318131        124.12948654314391        8231.5405122415068        4194446403.7627416     
   139.68512325398041        106.52634563393299        17.601591777196184        124.12793741112918        8574.9461607953326        3875738849.5052304     
   140.03173646304734        107.26108096922603        16.855420477544826        124.11650144677085        8634.0894262953243        3849701618.6028953     
   140.37834967211427        106.25990583474545        17.870684189443327        124.13059002418881        8553.4988191116390        3890500379.5237517     
   140.72496288118123        107.37089561217333        16.728950757715808        124.09984636988915        8642.9290672811894        3826991680.5579977     
   141.07157609024819        106.96239901885060        17.157835004611016        124.12023402346163        8610.0467199729665        3872101565.0033474     
   141.41818929931515        105.51599048843336        18.627795825822020        124.14378631425539        8493.6165993203340        3955408930.6227784     
   141.76480250838208        105.61501888900351        18.505570065132691        124.12058895413620        8501.5879907937342        3925822251.7954311     
   142.11141571744903        105.05097853344233        19.065720322478700        124.11669885592103        8456.1849906938933        4004988656.7043314     
   142.45802892651596        110.31911342289918        13.809853749265395        124.12896717216458        8880.2488480999837        3603046643.9075985     
   142.80464213558292        105.53701777395250        18.560029663687263        124.09704743763974        8495.3092119802459        3968974027.1757555     
   143.15125534464988        105.40986984823722        18.720624262549173        124.13049411078639        8485.0743108299521        3956265962.6572518     
   143.49786855371681        109.45915022141192        14.664009694262612        124.12315991567452        8811.0252385869044        3657012658.0808220     
   143.84448176278377        103.54438839547741        20.578298147751187        124.12268654322860        8334.9104905450858        4107820360.3775220     
   144.19109497185073        104.72046685911323        19.395226293412549        124.11569315252579        8429.5801184811025        4025104630.5144968     
   144.53770818091766        105.77400112939075        18.328306463228071        124.10230759261881        8514.3854273689813        3933921698.7476678     
   144.88432138998462        105.94438129736987        18.164217532337126        124.10859882970699        8528.1003516780220        3911182166.4488297     
   145.23093459905155        104.63259189807103        19.490752113018097        124.12334401108915        8422.5065344269933        4034111590.6941814     
   145.57754780811851        105.57886267504531        18.546352593210919        124.12521526825623        8498.6775597053038        3953726986.5292759     
   145.92416101718547        105.30367891987299        18.816191245916237        124.11987016578922        8476.5263644222432        3975527055.5098453     
   146.27077422625243        101.97255638483084        22.149421421310166        124.12197780614102        8208.3842797293491        4236111388.7992196     
   146.61738743531936        107.80340424008645        16.314288943353780        124.11769318344025        8677.7442876509849        3813331632.7182784     
   146.96400064438629        103.02896395481849        21.099643726787363        124.12860768160586        8293.4208777896056        4124589076.5655012     
   147.31061385345325        107.15371605478099        16.970633323117369        124.12434937789835        8625.4469786881546        3824769046.8391080     
   147.65722706252021        102.93560704856091        21.194140913202496        124.12974796176341        8285.9060189991978        4156823814.2794552     
   148.00384027158717        105.88224061100354        18.230128106643932        124.11236871764748        8523.0982741467305        3927795614.5335388     
   148.35045348065412        104.83465879476762        19.271505478875387        124.10616427364299        8438.7721140799986        4018992204.5265226     
   148.69706668972105        106.49545872053814        17.627490519807637        124.12294924034578        8572.4598873964114        3886038913.5143886     
   149.04367989878799        107.67727764193738        16.435702334089683        124.11297997602708        8667.5915992982937        3776695366.5401955     
   149.39029310785494        107.06306273387516        17.057967553194615        124.12103028706976        8618.1497477408338        3827088349.0226002     
   149.73690631692190        106.68901527973777        17.426971124178660        124.11598640391644        8588.0404188070079        3877252348.6652727     
   150.08351952598886        106.86555552248041        17.260944435937041        124.12649995841744        8602.2512045776366        3854615538.1898870     
   150.43013273505579        107.80723542276905        16.314816868792342        124.12205229156140        8678.0526825840880        3786930495.1985569     
   150.77674594412275        106.02563852264595        18.097014772425435        124.12265329507139        8534.6412343842821        3924021061.9233446     
   151.12335915318971        107.62537540456999        16.499997246391342        124.12537265096134        8663.4136760962756        3805551968.0990605     
   151.46997236225664        105.37262048428386        18.764465326479293        124.13708581076315        8482.0758855247095        3975244053.9097476     
   151.81658557132360        107.56162366974414        16.565041124214190        124.12666479395831        8658.2819155863672        3818583285.4490957     
   152.16319878039053        108.73313077944442        15.375292354677628        124.10842313412206        8752.5835677540836        3718129123.6529942     
   152.50981198945749        106.70530023846248        17.418873963625671        124.12417420208814        8589.3512930650522        3850448894.5869331     
   152.85642519852445        104.40039865809186        19.723404528713083        124.12380318680495        8403.8159042371244        4020744998.0019579     
   153.20303840759141        106.32218187607936        17.800964898789591        124.12314677486894        8558.5117921782330        3891086887.9679017     
   153.54965161665834        102.06167623492011        22.056497216669250        124.11817345158936        8215.5580723890525        4205157396.2756124     
   153.89626482572527        105.45246745847835        18.658981277700846        124.11144873617918        8488.5032486408072        3959154409.9825997     
   154.24287803479223        105.95400810467117        18.172365472583270        124.12637357725445        8528.8752712889218        3913450791.5583396     
   154.58949124385919        105.86674049889112        18.273496465873585        124.14023696476468        8521.8505769122166        3916341824.0637202     
   154.93610445292614        106.22587937174772        17.897900443359433        124.12377981510717        8550.7598244853652        3895792991.9688897     
   155.28271766199310        107.22561101253761        16.897769679146869        124.12338069168446        8631.2342361813771        3827806775.7954178     
   155.62933087106003        106.02495628642605        18.106291466812952        124.13124775323901        8534.5863170882858        3918328182.4179754     
   155.97594408012696        107.64023235974621        16.467403969940609        124.10763632968680        8664.6096017613418        3802927595.6722469     
   156.32255728919392        108.70445299269191        15.418844312585236        124.12329730527715        8750.2751202432792        3712714417.5900006     
   156.66917049826088        111.60134128483951        12.510836964778159        124.11217824961767        8983.4630794394616        3508168760.2027183     
   157.01578370732784        107.88418502758998        16.234425877226375        124.11861090481635        8684.2468190158525        3774271862.1751761     
   157.36239691639477        108.81332108765361        15.308553461871940        124.12187454952556        8759.0385678896764        3732492025.3974366     
   157.70901012546173        104.75587921347615        19.365646138951686        124.12152535242782        8432.4306718374773        4002242697.5117431     
   158.05562333452866        106.20768341134277        17.915011229485120        124.12269464082789        8549.2951222101874        3896878457.0769849     
   158.40223654359562        103.79842501590646        20.325469726448137        124.12389474235459        8355.3594257834648        4102388788.3832450     
   158.74884975266258        109.96759250977709        14.140671114281574        124.10826362405865        8851.9528159167930        3625147822.4041090     
   159.09546296172951        106.64136629634631        17.470114820688654        124.11148111703496        8584.2048655946364        3879488259.0983181     
   159.44207617079647        106.32820628605192        17.794078834340311        124.12228512039223        8558.9967331649714        3896461608.2521305     
   159.78868937986343        107.12667341142614        16.996544526649597        124.12321793807574        8623.2701537024350        3825451639.9293280     
   160.13530258893036        106.77929914464710        17.345254001054059        124.12455314570114        8595.3079100194300        3841949090.8747172     
   160.48191579799732        109.69995769160388        14.431397605868661        124.13135529747254        8830.4092799686423        3670921873.0927501     
   160.82852900706425        103.88919687835531        20.233936125933514        124.12313300428883        8362.6661988524374        4084335279.4661565     
   161.17514221613121        106.34030419627774        17.774558220036550        124.11486241631428        8559.9705667103462        3898643540.6970615     
   161.52175542519817        107.52765953717014        16.603373127505094        124.13103266467523        8655.5479383107267        3803734154.1083808     
   161.86836863426512        105.16123531732356        18.966891151865294        124.12812646918886        8465.0602222623638        3987467320.2768607     
   162.21498184333208        106.16471833187114        17.951639045253849        124.11635737712500        8545.8366045911807        3903215041.4757261     
   162.56159505239899        109.93690500197037        14.180050149363344        124.11695515133370        8849.4825938727918        3614231944.6440716     
   162.90820826146594        105.74798649669063        18.364816941896919        124.11280343858755        8512.2913531428458        3948893216.5208511     
   163.25482147053290        103.67070872676274        20.457337052227043        124.12804577898977        8345.0787736429374        4093543880.5055528     
   163.60143467959986        106.52251449039858        17.586312336589035        124.10882682698761        8574.6377690135014        3894266382.6328664     
   163.94804788866682        102.47264837759425        21.649873941907543        124.12252231950181        8248.6396915513924        4187421479.8967247     
   164.29466109773375        103.98756849586510        20.138460143745185        124.12602863961028        8370.5847219077150        4072251918.4522638     
   164.64127430680071        105.77177155440543        18.358073057644031        124.12984461204945        8514.2059554707685        3932080534.8220754     
   164.98788751586764        105.82826747126524        18.299260946820660        124.12752841808590        8518.7536515594184        3926159490.9954743     
   165.33450072493460        106.39518013029262        17.727266108675920        124.12244623896855        8564.3878606379731        3882830509.4486303     
   165.68111393400156        104.58176911138671        19.529580776792365        124.11134988817906        8418.4155027017769        4036142614.6167459     
   166.02772714306849        104.38767443568628        19.738390062702390        124.12606449838867        8402.7916550580449        4032798618.8926539     
   166.37434035213545        108.09351517639732        16.027632976273331        124.12114815267064        8701.0970615091301        3769709562.2118688     
   166.72095356120241        104.20825868220240        19.915572146022612        124.12383082822501        8388.3494021358474        4036000398.7273579     
   167.06756677026934        108.84695017551121        15.280083598294341        124.12703377380555        8761.7455754012881        3712888246.4606962     
   167.41417997933630        106.57539597562418        17.558171402893219        124.13356737851740        8578.8945177643764        3878205670.7137642     
   167.76079318840323        105.33703841218059        18.796678140098603        124.13371655227921        8479.2116705668104        3959790761.8699851     
   168.10740639747019        107.63433477232763        16.489509802111190        124.12384457443882        8664.1348694846274        3799856793.7123671     
   168.45401960653714        107.17117007098197        16.924712443782823        124.09588251476481        8626.8519574126422        3834107756.7156839     
   168.80063281560410        107.46039068912813        16.665839058559730        124.12622974768786        8650.1330642077410        3818815425.6165605     
   169.14724602467103        107.89570348150320        16.229025484366272        124.12472896586948        8685.1740086380432        3791899640.8109617     
   169.49385923373796        108.83520725241840        15.289590390838249        124.12479764325663        8760.8003169049789        3718895986.6178961     
   169.84047244280492        104.98301093108824        19.142447911247960        124.12545884233620        8450.7138696543389        3984147300.6410160     
   170.18708565187188        109.20978104276861        14.913480771788841        124.12326181455745        8790.9520138057214        3676240415.4695139     
   170.53369886093884        108.38082812696339        15.737243815017271        124.11807194198067        8724.2246086688665        3737789332.5136609     
   170.88031207000580        104.79282879873297        19.324734820999449        124.11756361973242        8435.4049661527042        4018772431.2353621     
   171.22692527907273        110.10228365023561        14.017887371596075        124.12017102183168        8862.7949157832118        3644937806.6710649     
   171.57353848813966        110.95181830167361        13.172778972548933        124.12459727422255        8931.1790685902943        3543118826.4219189     
   171.92015169720662        107.35687084934938        16.761944930838006        124.11881578018736        8641.8001297829815        3800285645.6660657     
   172.26676490627358        105.99506977900343        18.131356468164228        124.12642624716766        8532.1805723820526        3907687866.2135878     
   172.61337811534054        108.20837784380288        15.909407427474706        124.11778527127757        8710.3430483401498        3754361800.9513969     
   172.95999132440747        107.30485157174280        16.825081464573202        124.12993303631600        8637.6127853082835        3838327480.0748739     
   173.30660453347443        104.05141687134559        20.058562794493998        124.10997966583957        8375.7242616050662        4058766115.5784507     
