   4.0999999999999995E-002   0.0000000000000000     
   8.1999999999999990E-002   0.0000000000000000     
  0.12299999999999998        0.0000000000000000     
  0.16399999999999998        0.0000000000000000     
  0.20499999999999999        0.0000000000000000     
  0.24599999999999997        0.0000000000000000     
  0.28699999999999998        0.0000000000000000     
  0.32799999999999996        0.0000000000000000     
  0.36899999999999994        0.0000000000000000     
  0.40999999999999998        0.0000000000000000     
  0.45099999999999996        0.0000000000000000     
  0.49199999999999994        0.0000000000000000     
  0.53299999999999992        0.0000000000000000     
  0.57399999999999995        0.0000000000000000     
  0.61499999999999988        0.0000000000000000     
  0.65599999999999992        0.0000000000000000     
  0.69699999999999995        0.0000000000000000     
  0.73799999999999988        0.0000000000000000     
  0.77899999999999991        0.0000000000000000     
  0.81999999999999995        0.0000000000000000     
  0.86099999999999988        0.0000000000000000     
  0.90199999999999991        0.0000000000000000     
  0.94299999999999995        0.0000000000000000     
  0.98399999999999987        0.0000000000000000     
   1.0249999999999999        0.0000000000000000     
   1.0659999999999998        0.0000000000000000     
   1.1070000000000000        0.0000000000000000     
   1.1479999999999999        0.0000000000000000     
   1.1889999999999998        0.0000000000000000     
   1.2299999999999998        0.0000000000000000     
   1.2709999999999999        0.0000000000000000     
   1.3119999999999998        0.0000000000000000     
   1.3530000000000000        0.0000000000000000     
   1.3939999999999999        0.0000000000000000     
   1.4350000000000001        0.0000000000000000     
   1.4759999999999998        0.0000000000000000     
   1.5169999999999999        0.0000000000000000     
   1.5579999999999998        0.0000000000000000     
   1.5990000000000000        0.0000000000000000     
   1.6399999999999999        0.0000000000000000     
   1.6810000000000000        0.0000000000000000     
   1.7219999999999998        0.0000000000000000     
   1.7629999999999999        0.0000000000000000     
   1.8039999999999998        0.0000000000000000     
   1.8450000000000000        0.0000000000000000     
   1.8859999999999999        0.0000000000000000     
   1.9270000000000000        0.0000000000000000     
   1.9679999999999997        0.0000000000000000     
   2.0089999999999999        0.0000000000000000     
   2.0499999999999998        0.0000000000000000     
   2.0909999999999997        0.0000000000000000     
   2.1319999999999997        0.0000000000000000     
   2.1730000000000000        0.0000000000000000     
   2.2140000000000000        0.0000000000000000     
   2.2549999999999999        0.0000000000000000     
   2.2959999999999998        0.0000000000000000     
   2.3370000000000002        0.0000000000000000     
   2.3779999999999997        0.0000000000000000     
   2.4189999999999996        0.0000000000000000     
   2.4599999999999995        0.0000000000000000     
   2.5009999999999999        0.0000000000000000     
   2.5419999999999998        0.0000000000000000     
   2.5829999999999997        0.0000000000000000     
   2.6239999999999997        0.0000000000000000     
   2.6650000000000000        0.0000000000000000     
   2.7060000000000000        0.0000000000000000     
   2.7469999999999999        0.0000000000000000     
   2.7879999999999998        0.0000000000000000     
   2.8290000000000002        0.0000000000000000     
   2.8700000000000001        0.0000000000000000     
   2.9109999999999996        0.0000000000000000     
   2.9519999999999995        0.0000000000000000     
   2.9929999999999999        0.0000000000000000     
   3.0339999999999998        0.0000000000000000     
   3.0749999999999997        0.0000000000000000     
   3.1159999999999997        0.0000000000000000     
   3.1569999999999996        0.0000000000000000     
   3.1980000000000000        2.0697919350790849E-004
   3.2389999999999999        0.0000000000000000     
   3.2799999999999998        1.9669627592526723E-004
   3.3209999999999997        1.9183982757157644E-004
   3.3620000000000001        0.0000000000000000     
   3.4030000000000000        1.8265135843180326E-004
   3.4439999999999995        3.5660544894765511E-004
   3.4849999999999994        1.7410756210349659E-004
   3.5259999999999998        8.5029366828211184E-004
   3.5669999999999997        4.9844853492480125E-004
   3.6079999999999997        1.9484826093355400E-003
   3.6489999999999996        4.6030210046708372E-003
   3.6899999999999999        1.2726218767473598E-002
   3.7309999999999999        2.7928805834467326E-002
   3.7719999999999998        5.4197901901259692E-002
   3.8129999999999997        9.7056558598429626E-002
   3.8540000000000001       0.17931798332785928     
   3.8950000000000000       0.26714277072616316     
   3.9359999999999995       0.36735349755755820     
   3.9769999999999994       0.50035378577318901     
   4.0179999999999998       0.63177163022033156     
   4.0589999999999993       0.78494083368190271     
   4.0999999999999996       0.90912765751353874     
   4.1410000000000000        1.0606119284094988     
   4.1819999999999995        1.1899301874650787     
   4.2229999999999999        1.3434881350644747     
   4.2639999999999993        1.4359094570303523     
   4.3049999999999997        1.5112445778760484     
   4.3460000000000001        1.5749902248011700     
   4.3869999999999996        1.6001357311567168     
   4.4279999999999999        1.6688290581307830     
   4.4690000000000003        1.6943896570789099     
   4.5099999999999998        1.7746272339137008     
   4.5510000000000002        1.7424492128234199     
   4.5919999999999996        1.7431336725972773     
   4.6330000000000000        1.7500014983956158     
   4.6740000000000004        1.7254767151448760     
   4.7149999999999999        1.7077015993372262     
   4.7559999999999993        1.7189832459936218     
   4.7969999999999997        1.6999501081079824     
   4.8379999999999992        1.6439446150151236     
   4.8789999999999996        1.6312777393631859     
   4.9199999999999990        1.5859828025463172     
   4.9609999999999994        1.5627654043056864     
   5.0019999999999998        1.5026193908134342     
   5.0429999999999993        1.4856430660134237     
   5.0839999999999996        1.4558130342141131     
   5.1250000000000000        1.4536943365028552     
   5.1659999999999995        1.4333039579417386     
   5.2069999999999999        1.3991572304376463     
   5.2479999999999993        1.3623834266541344     
   5.2889999999999997        1.3625682272513158     
   5.3300000000000001        1.3379736822373935     
   5.3709999999999996        1.2863767126019554     
   5.4119999999999999        1.2889574754998692     
   5.4529999999999994        1.2587409020309908     
   5.4939999999999998        1.2398145669832807     
   5.5350000000000001        1.2101083150928655     
   5.5759999999999996        1.2096467972419997     
   5.6170000000000000        1.1843150090127728     
   5.6580000000000004        1.1559729752615153     
   5.6989999999999998        1.1785499474688268     
   5.7400000000000002        1.1502787367340270     
   5.7809999999999988        1.1641919388632949     
   5.8219999999999992        1.1427037649328475     
   5.8629999999999995        1.1646795427152210     
   5.9039999999999990        1.1546615728770588     
   5.9449999999999994        1.1351631439848813     
   5.9859999999999998        1.1349399184909432     
   6.0269999999999992        1.1182244689975525     
   6.0679999999999996        1.0989422412620895     
   6.1089999999999991        1.0751716651432810     
   6.1499999999999995        1.0800260904562409     
   6.1909999999999998        1.0844923291374056     
   6.2319999999999993        1.0579818773598646     
   6.2729999999999997        1.0553779662573728     
   6.3139999999999992        1.0556537725618955     
   6.3549999999999995        1.0536466419218549     
   6.3959999999999999        1.0206015577576173     
   6.4369999999999994        1.0098845586407570     
   6.4779999999999998        1.0213072504557068     
   6.5190000000000001        1.0051947594818296     
   6.5599999999999996       0.99898266518106205     
   6.6010000000000000       0.98642832410321180     
   6.6419999999999995       0.97038957544580373     
   6.6829999999999998       0.98037488002553430     
   6.7240000000000002       0.98609112178902070     
   6.7649999999999997       0.97390894302452857     
   6.8060000000000000       0.97429377655283467     
   6.8469999999999995       0.95953147769025415     
   6.8879999999999990       0.95422344831448758     
   6.9289999999999994       0.95120654519153502     
   6.9699999999999989       0.94321805290899474     
   7.0109999999999992       0.94664088053068485     
   7.0519999999999996       0.95135706609052695     
   7.0929999999999991       0.92594513101225251     
   7.1339999999999995       0.93557984343906464     
   7.1749999999999989       0.94807717392620261     
   7.2159999999999993       0.95062339243421012     
   7.2569999999999997       0.93924349331679102     
   7.2979999999999992       0.93839704656747902     
   7.3389999999999995       0.95522446677879602     
   7.3799999999999999       0.94245027315118723     
   7.4209999999999994       0.94848247295318167     
   7.4619999999999997       0.94492805570238958     
   7.5029999999999992       0.92803173307823372     
   7.5439999999999996       0.92488551093334959     
   7.5850000000000000       0.90400359718161294     
   7.6259999999999994       0.90786745443523464     
   7.6669999999999998       0.90566353021404722     
   7.7080000000000002       0.90783969496798000     
   7.7489999999999997       0.91285777338278740     
   7.7900000000000000       0.91117662391879761     
   7.8309999999999995       0.91489292696294167     
   7.8719999999999990       0.93316074318874520     
   7.9129999999999994       0.92164560073908575     
   7.9539999999999988       0.93060487759301491     
   7.9949999999999992       0.91228610265081433     
   8.0359999999999996       0.91719136376204968     
   8.0770000000000000       0.92269029481700193     
   8.1179999999999986       0.90967318933275132     
   8.1589999999999989       0.91652721829548445     
   8.1999999999999993       0.92766514225288510     
   8.2409999999999997       0.92799047353894626     
   8.2820000000000000       0.92936593660111078     
   8.3230000000000004       0.93091157174556505     
   8.3639999999999990       0.92925996771042296     
   8.4049999999999994       0.92691235313195386     
   8.4459999999999997       0.93472250123865508     
   8.4869999999999983       0.92207636543920679     
   8.5279999999999987       0.92054417821491974     
   8.5689999999999991       0.92895071136979535     
   8.6099999999999994       0.94760703441139194     
   8.6509999999999980       0.94566718754865120     
   8.6920000000000002       0.94341586510206576     
   8.7329999999999988       0.94265159502855944     
   8.7739999999999991       0.95748788484617831     
   8.8149999999999995       0.94777049392114154     
   8.8559999999999999       0.95149627603474252     
   8.8969999999999985       0.94670520909004097     
   8.9380000000000006       0.94127855741301780     
   8.9789999999999992       0.94096302416045619     
   9.0199999999999996       0.94427814794294151     
   9.0609999999999999       0.95795239138729604     
   9.1020000000000003       0.96232110892393929     
   9.1429999999999989       0.95321336297391590     
   9.1839999999999993       0.96137717540293655     
   9.2249999999999996       0.95904754606446896     
   9.2660000000000000       0.94087907001403037     
   9.3069999999999986       0.94981877893894906     
   9.3480000000000008       0.94710776396254992     
   9.3889999999999993       0.94562203986117721     
   9.4299999999999997       0.94667533137718973     
   9.4710000000000001       0.94512431870800417     
   9.5119999999999987       0.94532769733733013     
   9.5529999999999990       0.94155996320748159     
   9.5939999999999994       0.94140177891497767     
   9.6349999999999998       0.95574857229836319     
   9.6759999999999984       0.95036136487498302     
   9.7169999999999987       0.95321029669304125     
   9.7579999999999991       0.95212068026512608     
   9.7989999999999995       0.96491581790014891     
   9.8399999999999981       0.95475091895447983     
   9.8810000000000002       0.95968077996965351     
   9.9219999999999988       0.96136299598625929     
   9.9629999999999992       0.96588110959907847     
   10.004000000000000       0.95045788763542338     
   10.045000000000000       0.96043799648618366     
   10.085999999999999       0.95545547663509933     
   10.127000000000001       0.96132481369631295     
   10.167999999999999       0.96954425680817158     
   10.209000000000000       0.96330694387868876     
   10.250000000000000       0.96540616930170486     
   10.291000000000000       0.95854581894886326     
   10.331999999999999       0.95661847125708055     
   10.372999999999999       0.96210115393020113     
   10.414000000000000       0.97462555288646158     
   10.455000000000000       0.97853611186801570     
   10.495999999999999       0.97102464417463774     
   10.536999999999999       0.97644935198195504     
   10.577999999999999       0.97484223838876283     
   10.618999999999998       0.97542603293486785     
   10.660000000000000       0.97532574998422883     
   10.700999999999999       0.96616660687141787     
   10.741999999999999       0.97171725540184428     
   10.782999999999999       0.97426877210279594     
   10.824000000000000       0.96823085861484015     
   10.864999999999998       0.97938638566687108     
   10.905999999999999       0.97681967650422385     
   10.946999999999999       0.97051795059361312     
   10.988000000000000       0.97090229227169811     
   11.028999999999998       0.96761543494548807     
   11.070000000000000       0.97165933412218231     
   11.110999999999999       0.97755399110184482     
   11.151999999999999       0.97468366221497793     
   11.193000000000000       0.98441890731547677     
   11.234000000000000       0.98969811159908261     
   11.274999999999999       0.98360575499117819     
   11.316000000000001       0.97626527888044978     
   11.356999999999999       0.97141168836454161     
   11.398000000000000       0.97491670973078004     
   11.438999999999998       0.98546296060106831     
   11.480000000000000       0.97988803281028813     
   11.520999999999999       0.98931465530401363     
   11.561999999999998       0.99221334246474679     
   11.603000000000000       0.97817579459650872     
   11.643999999999998       0.97210705651268359     
   11.684999999999999       0.98027594746280633     
   11.725999999999999       0.97573918508584090     
   11.766999999999999       0.97702738586504168     
   11.807999999999998       0.97556680976335686     
   11.849000000000000       0.97214631214545288     
   11.889999999999999       0.97002537934036404     
   11.930999999999999       0.96377104320549190     
   11.972000000000000       0.96970821899148174     
   12.013000000000000       0.96605332124468901     
   12.053999999999998       0.97160423912489446     
   12.094999999999999       0.96703820037858057     
   12.135999999999999       0.96689662955992417     
   12.177000000000000       0.96775313186958101     
   12.217999999999998       0.96823917726997089     
   12.259000000000000       0.96526472254589846     
   12.299999999999999       0.96957062481241685     
   12.340999999999999       0.97152633301909597     
   12.382000000000000       0.97415963709564468     
   12.423000000000000       0.97501154852122485     
   12.463999999999999       0.97368516951265893     
   12.505000000000001       0.97295851036151604     
   12.545999999999999       0.97536407035391581     
   12.587000000000000       0.97663242656323124     
   12.627999999999998       0.97737722024748630     
   12.668999999999999       0.97768691250956608     
   12.709999999999999       0.98017849602960316     
   12.750999999999998       0.97098669772902935     
   12.792000000000000       0.96629989502259783     
   12.832999999999998       0.97163358939952549     
   12.873999999999999       0.97270546213863285     
   12.914999999999999       0.96464425247792274     
   12.956000000000000       0.97817206089345565     
   12.996999999999998       0.98352997820309773     
   13.038000000000000       0.97230031579276044     
   13.078999999999999       0.97727076518036515     
   13.119999999999999       0.97840905436334147     
   13.161000000000000       0.97875166591495777     
   13.202000000000000       0.98166902053194605     
   13.242999999999999       0.98174638078108611     
   13.283999999999999       0.98486885906926169     
   13.324999999999999       0.98159438588525760     
   13.366000000000000       0.99050931266953557     
   13.406999999999998       0.98916257933319363     
   13.448000000000000       0.98878742624572402     
   13.488999999999999       0.98820265590597345     
   13.529999999999999       0.99196940448997950     
   13.571000000000000       0.99439783116059621     
   13.612000000000000       0.99938088200271125     
   13.652999999999999       0.99529023186055066     
   13.693999999999999       0.99322019296339636     
   13.734999999999999       0.99413476263243905     
   13.775999999999998       0.99293336376969632     
   13.816999999999998       0.99112481658585383     
   13.857999999999999       0.98319742344200156     
   13.898999999999999       0.98866972277405041     
   13.939999999999998       0.99298199218260330     
   13.981000000000000       0.99251938578401022     
   14.021999999999998       0.98572382185411633     
   14.062999999999999       0.98719326162673471     
   14.103999999999999       0.98590004139109122     
   14.145000000000000       0.98747535081801829     
   14.185999999999998       0.99694138832533841     
   14.227000000000000       0.99890945061864178     
   14.267999999999999       0.99553645674952851     
   14.308999999999999       0.99617771214666084     
   14.349999999999998       0.99141143686504896     
   14.391000000000000       0.99041736196892949     
   14.431999999999999       0.98748662709343094     
   14.472999999999999       0.98605390175437768     
   14.513999999999999       0.98474094264320255     
   14.555000000000000       0.98319955860767994     
   14.595999999999998       0.98332233953240089     
   14.637000000000000       0.98348696308348516     
   14.677999999999999       0.98943171604658331     
   14.718999999999998       0.98504163445798154     
   14.760000000000000       0.98637957448580560     
   14.800999999999998       0.97685894508837379     
   14.841999999999999       0.98381938473206976     
   14.882999999999999       0.98599578779965402     
   14.923999999999999       0.97532821907727418     
   14.964999999999998       0.97521458129885574     
   15.005999999999998       0.98034544994367101     
   15.046999999999999       0.98183335158512097     
   15.087999999999999       0.98261860190829775     
   15.128999999999998       0.97573640986522270     
   15.170000000000000       0.97504227182684378     
   15.210999999999999       0.97932246546671875     
   15.251999999999999       0.98085818461297891     
   15.292999999999999       0.98234540026460371     
   15.334000000000000       0.98070141825177037     
   15.374999999999998       0.97732360966146525     
   15.416000000000000       0.97784726108838571     
   15.456999999999999       0.97388757250310787     
   15.497999999999999       0.97683035683895825     
   15.538999999999998       0.97799294909661494     
   15.580000000000000       0.98563827954736438     
   15.620999999999999       0.98544462620491935     
   15.661999999999999       0.98881844897402804     
   15.702999999999999       0.98457260951037529     
   15.743999999999998       0.98304556927566022     
   15.784999999999998       0.98300946396231670     
   15.825999999999999       0.97612596485048586     
   15.866999999999999       0.97580839329308666     
   15.907999999999998       0.97564667975992969     
   15.949000000000000       0.97359572854142418     
   15.989999999999998       0.97094655980258548     
   16.030999999999999       0.96787963771244090     
   16.071999999999999       0.97228531494298887     
   16.113000000000000       0.97480176708595834     
   16.154000000000000       0.96972508586791517     
   16.195000000000000       0.96977568754908505     
   16.235999999999997       0.97185594485073268     
   16.277000000000001       0.96614546367978404     
   16.317999999999998       0.97291143466668506     
   16.358999999999998       0.97558138177211473     
   16.399999999999999       0.97713750457176307     
   16.440999999999999       0.97972776192285549     
   16.481999999999999       0.97880202831215024     
   16.523000000000000       0.97371424936752382     
   16.564000000000000       0.97222305658590957     
   16.604999999999997       0.97368271049039101     
   16.646000000000001       0.97204656933670608     
   16.687000000000001       0.97493629341595878     
   16.727999999999998       0.97277748968110744     
   16.768999999999998       0.97727344537247363     
   16.809999999999999       0.97772542900672510     
   16.850999999999999       0.97233318490903431     
   16.891999999999999       0.97788415889296787     
   16.933000000000000       0.97598343406399501     
   16.973999999999997       0.97414780202634399     
   17.015000000000001       0.97786112807340198     
   17.055999999999997       0.97709883819749666     
   17.096999999999998       0.97976533044881375     
   17.137999999999998       0.98335794055321268     
   17.178999999999998       0.98321402906662503     
   17.219999999999999       0.98877536860705695     
   17.260999999999999       0.99500394967065442     
   17.301999999999996       0.98801412373603981     
   17.343000000000000       0.99087116621555638     
   17.384000000000000       0.98620418583668912     
   17.424999999999997       0.98908304633998056     
   17.465999999999998       0.98637583161074049     
   17.507000000000001       0.98900706871332178     
   17.547999999999998       0.99187501737484374     
   17.588999999999999       0.98542957857849067     
   17.629999999999999       0.98787519919382449     
   17.670999999999999       0.98684631162653147     
   17.712000000000000       0.98915478524545164     
   17.753000000000000       0.98612783306707186     
   17.793999999999997       0.98884059403399127     
   17.835000000000001       0.98832423398522373     
   17.876000000000001       0.98729090909082473     
   17.916999999999998       0.98379029247369920     
   17.957999999999998       0.99102809505380685     
   17.998999999999999       0.98968768969036780     
   18.039999999999999       0.99121967875227868     
   18.081000000000000       0.99118352214097771     
   18.122000000000000       0.99064004978136855     
   18.162999999999997       0.98595177380288679     
   18.204000000000001       0.99166753637676108     
   18.244999999999997       0.99605723837917426     
   18.285999999999998       0.99724060343076271     
   18.326999999999998       0.99030306689239156     
   18.367999999999999       0.99655979299773256     
   18.408999999999999       0.99137296236662975     
   18.449999999999999       0.99502095234989807     
   18.490999999999996       0.98957322887044186     
   18.532000000000000       0.98817674211215167     
   18.573000000000000       0.99141550461100647     
   18.613999999999997       0.98683647478603120     
   18.654999999999998       0.98857714279320463     
   18.696000000000002       0.98769257680012668     
   18.736999999999998       0.98585176895602955     
   18.777999999999999       0.99353870346325968     
   18.818999999999999       0.99103689044943144     
   18.859999999999999       0.99573073343841512     
   18.901000000000000       0.99569043135436253     
   18.942000000000000       0.99356314222353348     
   18.982999999999997       0.99785536399890840     
   19.023999999999997       0.99982713231745846     
   19.065000000000001       0.99782579895622237     
   19.105999999999998        1.0022924527600416     
   19.146999999999998       0.99452102217249094     
   19.187999999999999       0.99592498184598810     
   19.228999999999999       0.99827643500718743     
   19.270000000000000       0.99465447592972811     
   19.311000000000000       0.99526054077941206     
   19.351999999999997       0.99643968853475307     
   19.393000000000001       0.99967140270102373     
   19.433999999999997       0.99657346184244455     
   19.474999999999998        1.0005106595634954     
   19.515999999999998       0.99912201110388532     
   19.556999999999999       0.99793878157889915     
   19.597999999999999       0.99717107338961131     
   19.638999999999999       0.99608613918251632     
   19.679999999999996       0.99263870012381128     
   19.721000000000000       0.99237203051074274     
   19.762000000000000       0.99649601865353343     
   19.802999999999997       0.99728254787860404     
   19.843999999999998       0.99801682597313868     
   19.885000000000002        1.0002618007762003     
   19.925999999999998       0.99386704374514723     
   19.966999999999999        1.0003535926258804     
   20.007999999999999       0.99630086778810956     
   20.048999999999996        1.0016815007402113     
   20.090000000000000       0.99449036783170508     
   20.131000000000000       0.99900676656240239     
   20.171999999999997       0.99687045789369833     
   20.212999999999997        1.0009859209464025     
   20.254000000000001       0.99792364418251089     
   20.294999999999998       0.99583371329219317     
   20.335999999999999       0.99923625085552659     
   20.376999999999999       0.99871005226412246     
   20.417999999999999        1.0027658635135472     
   20.459000000000000        1.0001525297991514     
   20.500000000000000        1.0038402355674414     
   20.540999999999997        1.0045227518731903     
   20.582000000000001        1.0102584627954430     
   20.622999999999998        1.0056310360341731     
   20.663999999999998        1.0047102509786483     
   20.704999999999998        1.0060210403067467     
   20.745999999999999        1.0061119190272572     
   20.786999999999999        1.0133274458741168     
   20.827999999999999        1.0082036629334152     
   20.868999999999996        1.0038959928077202     
   20.910000000000000        1.0073246797733686     
   20.951000000000001        1.0112864876723782     
   20.991999999999997        1.0127435358362979     
   21.032999999999998        1.0147163660184475     
   21.073999999999998        1.0119184478148959     
   21.114999999999998        1.0120698453615695     
   21.155999999999999        1.0130217817825125     
   21.196999999999999        1.0136185782402893     
   21.237999999999996        1.0151084120437059     
   21.279000000000000        1.0144936997921981     
   21.320000000000000        1.0168934079135250     
   21.360999999999997        1.0148665904668257     
   21.401999999999997        1.0145985840440896     
   21.443000000000001        1.0152040546756569     
   21.483999999999998        1.0147496116370678     
   21.524999999999999        1.0165598023181566     
   21.565999999999999        1.0176916086654246     
   21.606999999999999        1.0191214232612289     
   21.648000000000000        1.0191168072411663     
   21.688999999999997        1.0144849140192114     
   21.729999999999997        1.0157159651659722     
   21.771000000000001        1.0154727964479837     
   21.811999999999998        1.0164696851171147     
   21.852999999999998        1.0160270440130597     
   21.893999999999998        1.0142265442578959     
   21.934999999999999        1.0129893874175395     
   21.975999999999999        1.0126431215718499     
   22.016999999999999        1.0110614434323413     
   22.057999999999996        1.0135767404562654     
   22.098999999999997        1.0117321300915594     
   22.140000000000001        1.0144601651179377     
   22.180999999999997        1.0167823692371771     
   22.221999999999998        1.0171980720312941     
   22.262999999999998        1.0143174355038012     
   22.303999999999998        1.0138541994586010     
   22.344999999999999        1.0161591919934843     
   22.385999999999999        1.0172915919978194     
   22.426999999999996        1.0182881935758397     
   22.468000000000000        1.0166205944970275     
   22.509000000000000        1.0176939013739355     
   22.549999999999997        1.0126551145429024     
   22.590999999999998        1.0170526331496470     
   22.632000000000001        1.0173569463265120     
   22.672999999999998        1.0130422149173774     
   22.713999999999999        1.0150620211987491     
   22.754999999999999        1.0115011825223359     
   22.795999999999999        1.0117786159766917     
   22.837000000000000        1.0099560945223929     
   22.877999999999997        1.0089161025217428     
   22.918999999999997        1.0070361228888662     
   22.960000000000001        1.0060884453141117     
   23.000999999999998        1.0103170929444170     
   23.041999999999998        1.0089376777858381     
   23.082999999999998        1.0068465841856182     
   23.123999999999995        1.0031274343575767     
   23.164999999999999        1.0059161390021252     
   23.206000000000000        1.0055805215877249     
   23.246999999999996        1.0070384419341829     
   23.287999999999997        1.0064378306969388     
   23.329000000000001        1.0111088747009707     
   23.369999999999997        1.0027889359579913     
   23.410999999999998       0.99969288692801350     
   23.451999999999998        1.0019716249105717     
   23.492999999999999        1.0035949210805652     
   23.533999999999999        1.0075556295468682     
   23.574999999999999        1.0099459082208324     
   23.615999999999996        1.0079706146336207     
   23.657000000000000        1.0080003995651403     
   23.698000000000000        1.0045572438768031     
   23.738999999999997        1.0038696199195059     
   23.779999999999998        1.0084189976546809     
   23.821000000000002        1.0031657982411279     
   23.861999999999998        1.0025089728767225     
   23.902999999999999        1.0076323824190860     
   23.943999999999999        1.0047950179392240     
   23.984999999999999       0.99996249714131247     
   24.026000000000000        1.0049956713860611     
   24.066999999999997        1.0055072519003645     
   24.107999999999997        1.0064237365045061     
   24.148999999999997        1.0068759040047899     
   24.189999999999998        1.0060957404487569     
   24.230999999999998        1.0098002307807232     
   24.271999999999998        1.0070425459011734     
   24.312999999999995        1.0073644513780300     
   24.353999999999999        1.0088325682794324     
   24.395000000000000        1.0044460892730782     
   24.435999999999996        1.0127423768309081     
   24.476999999999997        1.0052582074978298     
   24.518000000000001        1.0044138112715779     
   24.558999999999997        1.0018306577472955     
   24.599999999999998        1.0024691401982071     
   24.640999999999998       0.99788168049850468     
   24.681999999999999       0.99771735819965890     
   24.722999999999999       0.99016498531310337     
   24.763999999999999       0.99468922609197374     
   24.804999999999996       0.99479966947575160     
   24.846000000000000       0.99572793268074389     
   24.887000000000000       0.98937161822443265     
   24.927999999999997       0.99378730574128782     
   24.968999999999998       0.99315926980703739     
   25.010000000000002       0.99353729320235251     
   25.050999999999998       0.99855056843448831     
   25.091999999999999       0.99522416625338139     
   25.132999999999999       0.99259015777137938     
   25.173999999999999       0.99042713579113917     
   25.215000000000000       0.99201620847553862     
   25.255999999999997       0.99402946238005840     
   25.296999999999997       0.99838277726521907     
   25.337999999999997       0.98749976380574223     
   25.378999999999998       0.98795866256668785     
   25.419999999999998       0.99270154910188313     
   25.460999999999999       0.99097358769318822     
   25.501999999999995       0.99257309242426794     
   25.542999999999999       0.99171579580439262     
   25.584000000000000       0.99260493451316356     
   25.624999999999996       0.99743280003095780     
   25.665999999999997       0.99750620026489989     
   25.707000000000001       0.99845456868922833     
   25.747999999999998       0.99327308511946788     
   25.788999999999998       0.99279624811442535     
   25.829999999999998       0.99183115689880019     
   25.870999999999999       0.99004471581121622     
   25.911999999999999       0.99253229617958649     
   25.952999999999999       0.99308807835793966     
   25.993999999999996       0.99252332461735471     
   26.035000000000000       0.99340236386646863     
   26.076000000000001       0.99435407233834705     
   26.116999999999997       0.99495735536323260     
   26.157999999999998       0.99703862356609341     
   26.199000000000002       0.99507372660319460     
   26.239999999999998       0.99832353066079549     
   26.280999999999999        1.0013209251193491     
   26.321999999999999       0.99280916231929339     
   26.362999999999996       0.99462391134504369     
   26.404000000000000       0.99478939932966970     
   26.444999999999997       0.99734936671278696     
   26.485999999999997       0.99374245032847874     
   26.526999999999997       0.99396623813698071     
   26.567999999999998       0.99125723480814165     
   26.608999999999998       0.99191830702308847     
   26.649999999999999       0.99382897354888911     
   26.690999999999995       0.99311139223459510     
   26.731999999999999       0.99172573710220335     
   26.773000000000000       0.98919636546931766     
   26.813999999999997       0.99266578307503539     
   26.854999999999997       0.99305925726586908     
   26.896000000000001       0.98672172623807319     
   26.936999999999998       0.98910909070913999     
   26.977999999999998       0.98225498744053463     
   27.018999999999998       0.98400445772031719     
   27.059999999999999       0.98760527242998830     
   27.100999999999999       0.98628694962487506     
   27.141999999999999       0.98414249683664934     
   27.182999999999996       0.98692930862943173     
   27.224000000000000       0.98698106306076339     
   27.265000000000001       0.98673241493926456     
   27.305999999999997       0.98765412246346751     
   27.346999999999998       0.98536989630938354     
   27.387999999999998       0.98628130973222605     
   27.428999999999998       0.98430365238677686     
   27.469999999999999       0.98418335423406189     
   27.510999999999999       0.98477560081462889     
   27.551999999999996       0.99009380474482445     
   27.593000000000000       0.98687659236034586     
   27.633999999999997       0.98388788201585808     
   27.674999999999997       0.98637222952825088     
   27.715999999999998       0.98624384913575436     
   27.756999999999998       0.99081136138975134     
   27.797999999999998       0.98873093752876617     
   27.838999999999999       0.99083066213497850     
   27.879999999999995       0.98870536146749921     
   27.920999999999999       0.99048362127286693     
   27.962000000000000       0.99175735249220609     
   28.002999999999997       0.98911478473425396     
